0,0xc24,3686,100,2.943661
1,0x40a1,5148,100,2.943661
2,0x5633,4708,100,2.943661
3,0x5da9,2857,100,2.943661
0,0xc24,3686,100,3.205832
1,0x40a1,5148,100,3.205832
2,0x5633,4708,100,3.205832
3,0x5da9,2857,100,3.205832
0,0xc24,3686,100,3.468004
1,0x40a1,5148,100,3.468004
2,0x5633,4708,100,3.468004
3,0x5da9,2857,100,3.468004
0,0xc24,3691,100,3.730114
1,0x40a1,5143,100,3.730114
2,0x5633,4759,100,3.730114
3,0x5da9,2890,100,3.730114
0,0xc24,3691,100,3.992361
1,0x40a1,5143,100,3.992361
2,0x5633,4759,100,3.992361
3,0x5da9,2890,100,3.992361
0,0xc24,3691,100,4.254694
1,0x40a1,5143,100,4.254694
2,0x5633,4759,100,4.254694
3,0x5da9,2890,100,4.254694
0,0xc24,3691,100,4.516965
1,0x40a1,5143,100,4.516965
2,0x5633,4759,100,4.516965
3,0x5da9,2890,100,4.516965
0,0xc24,3691,100,4.779251
1,0x40a1,5143,100,4.779251
2,0x5633,4759,100,4.779251
3,0x5da9,2890,100,4.779251
0,0xc24,3691,100,5.041517
1,0x40a1,5143,100,5.041517
2,0x5633,4759,100,5.041517
3,0x5da9,2890,100,5.041517
0,0xc24,3691,100,5.303761
1,0x40a1,5143,100,5.303761
2,0x5633,4759,100,5.303761
3,0x5da9,2890,100,5.303761
0,0xc24,3691,100,5.565864
1,0x40a1,5143,100,5.565864
2,0x5633,4759,100,5.565864
3,0x5da9,2890,100,5.565864
0,0xc24,3691,100,5.828042
1,0x40a1,5143,100,5.828042
2,0x5633,4759,100,5.828042
3,0x5da9,2890,100,5.828042
0,0xc24,3639,100,6.090107
1,0x40a1,5181,100,6.090107
2,0x5633,4750,100,6.090107
3,0x5da9,2885,100,6.090107
0,0xc24,3639,100,6.352194
1,0x40a1,5181,100,6.352194
2,0x5633,4750,100,6.352194
3,0x5da9,2885,100,6.352194
0,0xc24,3639,100,6.614310
1,0x40a1,5181,100,6.614310
2,0x5633,4750,100,6.614310
3,0x5da9,2885,100,6.614310
0,0xc24,3639,100,6.876363
1,0x40a1,5181,100,6.876363
2,0x5633,4750,100,6.876363
3,0x5da9,2885,100,6.876363
0,0xc24,3639,100,7.138559
1,0x40a1,5181,100,7.138559
2,0x5633,4750,100,7.138559
3,0x5da9,2885,100,7.138559
0,0xc24,3639,100,7.400667
1,0x40a1,5181,100,7.400667
2,0x5633,4750,100,7.400667
3,0x5da9,2885,100,7.400667
0,0xc24,3639,100,7.662748
1,0x40a1,5181,100,7.662748
2,0x5633,4750,100,7.662748
3,0x5da9,2885,100,7.662748
0,0xc24,3639,100,7.924909
1,0x40a1,5181,100,7.924909
2,0x5633,4750,100,7.924909
3,0x5da9,2885,100,7.924909
0,0xc24,3677,100,8.186959
1,0x40a1,5143,100,8.186959
2,0x5633,4684,100,8.186959
3,0x5da9,2899,100,8.186959
0,0xc24,3677,100,8.449031
1,0x40a1,5143,100,8.449031
2,0x5633,4684,100,8.449031
3,0x5da9,2899,100,8.449031
0,0xc24,3677,100,8.711105
1,0x40a1,5143,100,8.711105
2,0x5633,4684,100,8.711105
3,0x5da9,2899,100,8.711105
0,0xc24,3677,100,8.973237
1,0x40a1,5143,100,8.973237
2,0x5633,4684,100,8.973237
3,0x5da9,2899,100,8.973237
0,0xc24,3677,100,9.239538
1,0x40a1,5143,100,9.239538
2,0x5633,4684,100,9.239538
3,0x5da9,2899,100,9.239538
0,0xc24,3677,100,9.501597
1,0x40a1,5143,100,9.501597
2,0x5633,4684,100,9.501597
3,0x5da9,2899,100,9.501597
0,0xc24,3677,100,9.763671
1,0x40a1,5143,100,9.763671
2,0x5633,4684,100,9.763671
3,0x5da9,2899,100,9.763671
0,0xc24,3677,100,10.025763
1,0x40a1,5143,100,10.025763
2,0x5633,4684,100,10.025763
3,0x5da9,2899,100,10.025763
0,0xc24,3682,100,10.287881
1,0x40a1,5195,100,10.287881
2,0x5633,4726,100,10.287881
3,0x5da9,2904,100,10.287881
0,0xc24,3682,100,10.549991
1,0x40a1,5195,100,10.549991
2,0x5633,4726,100,10.549991
3,0x5da9,2904,100,10.549991
0,0xc24,3682,100,10.812117
1,0x40a1,5195,100,10.812117
2,0x5633,4726,100,10.812117
3,0x5da9,2904,100,10.812117
0,0xc24,3682,100,11.074201
1,0x40a1,5195,100,11.074201
2,0x5633,4726,100,11.074201
3,0x5da9,2904,100,11.074201
0,0xc24,3682,100,11.336303
1,0x40a1,5195,100,11.336303
2,0x5633,4726,100,11.336303
3,0x5da9,2904,100,11.336303
0,0xc24,3682,100,11.598489
1,0x40a1,5195,100,11.598489
2,0x5633,4726,100,11.598489
3,0x5da9,2904,100,11.598489
0,0xc24,3682,100,11.860562
1,0x40a1,5195,100,11.860562
2,0x5633,4726,100,11.860562
3,0x5da9,2904,100,11.860562
0,0xc24,3682,100,12.122693
1,0x40a1,5195,100,12.122693
2,0x5633,4726,100,12.122693
3,0x5da9,2904,100,12.122693
0,0xc24,3682,100,12.384831
1,0x40a1,5195,100,12.384831
2,0x5633,4726,100,12.384831
3,0x5da9,2904,100,12.384831
0,0xc24,3691,100,12.647044
1,0x40a1,5148,100,12.647044
2,0x5633,4722,100,12.647044
3,0x5da9,2871,100,12.647044
0,0xc24,3691,100,12.909288
1,0x40a1,5148,100,12.909288
2,0x5633,4722,100,12.909288
3,0x5da9,2871,100,12.909288
0,0xc24,3691,100,13.171417
1,0x40a1,5148,100,13.171417
2,0x5633,4722,100,13.171417
3,0x5da9,2871,100,13.171417
0,0xc24,3691,100,13.433540
1,0x40a1,5148,100,13.433540
2,0x5633,4722,100,13.433540
3,0x5da9,2871,100,13.433540
0,0xc24,3691,100,13.695699
1,0x40a1,5148,100,13.695699
2,0x5633,4722,100,13.695699
3,0x5da9,2871,100,13.695699
0,0xc24,3691,100,13.957894
1,0x40a1,5148,100,13.957894
2,0x5633,4722,100,13.957894
3,0x5da9,2871,100,13.957894
0,0xc24,3691,100,14.220039
1,0x40a1,5148,100,14.220039
2,0x5633,4722,100,14.220039
3,0x5da9,2871,100,14.220039
0,0xc24,3691,100,14.482198
1,0x40a1,5148,100,14.482198
2,0x5633,4722,100,14.482198
3,0x5da9,2871,100,14.482198
0,0xc24,3663,100,14.744294
1,0x40a1,5157,100,14.744294
2,0x5633,4740,100,14.744294
3,0x5da9,2866,100,14.744294
0,0xc24,3663,100,15.006417
1,0x40a1,5157,100,15.006417
2,0x5633,4740,100,15.006417
3,0x5da9,2866,100,15.006417
0,0xc24,3663,100,15.268621
1,0x40a1,5157,100,15.268621
2,0x5633,4740,100,15.268621
3,0x5da9,2866,100,15.268621
0,0xc24,3663,100,15.530742
1,0x40a1,5157,100,15.530742
2,0x5633,4740,100,15.530742
3,0x5da9,2866,100,15.530742
0,0xc24,3663,100,15.792857
1,0x40a1,5157,100,15.792857
2,0x5633,4740,100,15.792857
3,0x5da9,2866,100,15.792857
0,0xc24,3663,100,16.054955
1,0x40a1,5157,100,16.054955
2,0x5633,4740,100,16.054955
3,0x5da9,2866,100,16.054955
0,0xc24,3663,100,16.317198
1,0x40a1,5157,100,16.317198
2,0x5633,4740,100,16.317198
3,0x5da9,2866,100,16.317198
0,0xc24,3663,100,16.579336
1,0x40a1,5157,100,16.579336
2,0x5633,4740,100,16.579336
3,0x5da9,2866,100,16.579336
0,0xc24,3663,100,16.841463
1,0x40a1,5157,100,16.841463
2,0x5633,4740,100,16.841463
3,0x5da9,2866,100,16.841463
0,0xc24,3649,100,17.103557
1,0x40a1,5153,100,17.103557
2,0x5633,4726,100,17.103557
3,0x5da9,2876,100,17.103557
0,0xc24,3649,100,17.365639
1,0x40a1,5153,100,17.365639
2,0x5633,4726,100,17.365639
3,0x5da9,2876,100,17.365639
0,0xc24,3649,100,17.627759
1,0x40a1,5153,100,17.627759
2,0x5633,4726,100,17.627759
3,0x5da9,2876,100,17.627759
0,0xc24,3649,100,17.889872
1,0x40a1,5153,100,17.889872
2,0x5633,4726,100,17.889872
3,0x5da9,2876,100,17.889872
0,0xc24,3649,100,18.152085
1,0x40a1,5153,100,18.152085
2,0x5633,4726,100,18.152085
3,0x5da9,2876,100,18.152085
0,0xc24,3649,100,18.414222
1,0x40a1,5153,100,18.414222
2,0x5633,4726,100,18.414222
3,0x5da9,2876,100,18.414222
0,0xc24,3649,100,18.676343
1,0x40a1,5153,100,18.676343
2,0x5633,4726,100,18.676343
3,0x5da9,2876,100,18.676343
0,0xc24,3649,100,18.938542
1,0x40a1,5153,100,18.938542
2,0x5633,4726,100,18.938542
3,0x5da9,2876,100,18.938542
0,0xc24,3696,100,19.200654
1,0x40a1,5167,100,19.200654
2,0x5633,4736,100,19.200654
3,0x5da9,2857,100,19.200654
0,0xc24,3696,100,19.462733
1,0x40a1,5167,100,19.462733
2,0x5633,4736,100,19.462733
3,0x5da9,2857,100,19.462733
0,0xc24,3696,100,19.724846
1,0x40a1,5167,100,19.724846
2,0x5633,4736,100,19.724846
3,0x5da9,2857,100,19.724846
0,0xc24,3696,100,19.987079
1,0x40a1,5167,100,19.987079
2,0x5633,4736,100,19.987079
3,0x5da9,2857,100,19.987079
0,0xc24,3696,100,20.249153
1,0x40a1,5167,100,20.249153
2,0x5633,4736,100,20.249153
3,0x5da9,2857,100,20.249153
0,0xc24,3696,100,20.511161
1,0x40a1,5167,100,20.511161
2,0x5633,4736,100,20.511161
3,0x5da9,2857,100,20.511161
0,0xc24,3696,100,20.773265
1,0x40a1,5167,100,20.773265
2,0x5633,4736,100,20.773265
3,0x5da9,2857,100,20.773265
0,0xc24,3696,100,21.035363
1,0x40a1,5167,100,21.035363
2,0x5633,4736,100,21.035363
3,0x5da9,2857,100,21.035363
0,0xc24,3658,100,21.297527
1,0x40a1,5115,100,21.297527
2,0x5633,4717,100,21.297527
3,0x5da9,2815,100,21.297527
0,0xc24,3658,100,21.559589
1,0x40a1,5115,100,21.559589
2,0x5633,4717,100,21.559589
3,0x5da9,2815,100,21.559589
0,0xc24,3658,100,21.821837
1,0x40a1,5115,100,21.821837
2,0x5633,4717,100,21.821837
3,0x5da9,2815,100,21.821837
0,0xc24,3658,100,22.083975
1,0x40a1,5115,100,22.083975
2,0x5633,4717,100,22.083975
3,0x5da9,2815,100,22.083975
0,0xc24,3658,100,22.346042
1,0x40a1,5115,100,22.346042
2,0x5633,4717,100,22.346042
3,0x5da9,2815,100,22.346042
0,0xc24,3658,100,22.608342
1,0x40a1,5115,100,22.608342
2,0x5633,4717,100,22.608342
3,0x5da9,2815,100,22.608342
0,0xc24,3658,100,22.870403
1,0x40a1,5115,100,22.870403
2,0x5633,4717,100,22.870403
3,0x5da9,2815,100,22.870403
0,0xc24,3658,100,23.132457
1,0x40a1,5115,100,23.132457
2,0x5633,4717,100,23.132457
3,0x5da9,2815,100,23.132457
0,0xc24,3658,100,23.394605
1,0x40a1,5115,100,23.394605
2,0x5633,4717,100,23.394605
3,0x5da9,2815,100,23.394605
0,0xc24,3677,100,23.656877
1,0x40a1,5153,100,23.656877
2,0x5633,4703,100,23.656877
3,0x5da9,2922,100,23.656877
0,0xc24,3677,100,23.919142
1,0x40a1,5153,100,23.919142
2,0x5633,4703,100,23.919142
3,0x5da9,2922,100,23.919142
0,0xc24,3677,100,24.181746
1,0x40a1,5153,100,24.181746
2,0x5633,4703,100,24.181746
3,0x5da9,2922,100,24.181746
0,0xc24,3677,100,24.448580
1,0x40a1,5153,100,24.448580
2,0x5633,4703,100,24.448580
3,0x5da9,2922,100,24.448580
0,0xc24,3677,100,24.711088
1,0x40a1,5153,100,24.711088
2,0x5633,4703,100,24.711088
3,0x5da9,2922,100,24.711088
0,0xc24,3677,100,24.973619
1,0x40a1,5153,100,24.973619
2,0x5633,4703,100,24.973619
3,0x5da9,2922,100,24.973619
0,0xc24,3677,100,25.236131
1,0x40a1,5153,100,25.236131
2,0x5633,4703,100,25.236131
3,0x5da9,2922,100,25.236131
0,0xc24,3677,100,25.498797
1,0x40a1,5153,100,25.498797
2,0x5633,4703,100,25.498797
3,0x5da9,2922,100,25.498797
0,0xc24,3682,100,25.761389
1,0x40a1,5134,100,25.761389
2,0x5633,4722,100,25.761389
3,0x5da9,2908,100,25.761389
0,0xc24,3682,100,26.023946
1,0x40a1,5134,100,26.023946
2,0x5633,4722,100,26.023946
3,0x5da9,2908,100,26.023946
0,0xc24,3682,100,26.286498
1,0x40a1,5134,100,26.286498
2,0x5633,4722,100,26.286498
3,0x5da9,2908,100,26.286498
0,0xc24,3682,100,26.549107
1,0x40a1,5134,100,26.549107
2,0x5633,4722,100,26.549107
3,0x5da9,2908,100,26.549107
0,0xc24,3682,100,26.811691
1,0x40a1,5134,100,26.811691
2,0x5633,4722,100,26.811691
3,0x5da9,2908,100,26.811691
0,0xc24,3682,100,27.074250
1,0x40a1,5134,100,27.074250
2,0x5633,4722,100,27.074250
3,0x5da9,2908,100,27.074250
0,0xc24,3682,100,27.336984
1,0x40a1,5134,100,27.336984
2,0x5633,4722,100,27.336984
3,0x5da9,2908,100,27.336984
0,0xc24,3682,100,27.599471
1,0x40a1,5134,100,27.599471
2,0x5633,4722,100,27.599471
3,0x5da9,2908,100,27.599471
0,0xc24,3682,100,27.861985
1,0x40a1,5134,100,27.861985
2,0x5633,4722,100,27.861985
3,0x5da9,2908,100,27.861985
0,0xc24,3686,100,28.124583
1,0x40a1,5162,100,28.124583
2,0x5633,4759,100,28.124583
3,0x5da9,2838,100,28.124583
0,0xc24,3686,100,28.387279
1,0x40a1,5162,100,28.387279
2,0x5633,4759,100,28.387279
3,0x5da9,2838,100,28.387279
0,0xc24,3686,100,28.649876
1,0x40a1,5162,100,28.649876
2,0x5633,4759,100,28.649876
3,0x5da9,2838,100,28.649876
0,0xc24,3686,100,28.912270
1,0x40a1,5162,100,28.912270
2,0x5633,4759,100,28.912270
3,0x5da9,2838,100,28.912270
0,0xc24,3686,100,29.174423
1,0x40a1,5162,100,29.174423
2,0x5633,4759,100,29.174423
3,0x5da9,2838,100,29.174423
0,0xc24,3686,100,29.436524
1,0x40a1,5162,100,29.436524
2,0x5633,4759,100,29.436524
3,0x5da9,2838,100,29.436524
0,0xc24,3686,100,29.698730
1,0x40a1,5162,100,29.698730
2,0x5633,4759,100,29.698730
3,0x5da9,2838,100,29.698730
0,0xc24,3686,100,29.960963
1,0x40a1,5162,100,29.960963
2,0x5633,4759,100,29.960963
3,0x5da9,2838,100,29.960963
0,0xc24,3644,100,30.223120
1,0x40a1,5162,100,30.223120
2,0x5633,4736,100,30.223120
3,0x5da9,2862,100,30.223120
0,0xc24,3644,100,30.485217
1,0x40a1,5162,100,30.485217
2,0x5633,4736,100,30.485217
3,0x5da9,2862,100,30.485217
0,0xc24,3644,100,30.747287
1,0x40a1,5162,100,30.747287
2,0x5633,4736,100,30.747287
3,0x5da9,2862,100,30.747287
0,0xc24,3644,100,31.009497
1,0x40a1,5162,100,31.009497
2,0x5633,4736,100,31.009497
3,0x5da9,2862,100,31.009497
0,0xc24,3644,100,31.271635
1,0x40a1,5162,100,31.271635
2,0x5633,4736,100,31.271635
3,0x5da9,2862,100,31.271635
0,0xc24,3644,100,31.533664
1,0x40a1,5162,100,31.533664
2,0x5633,4736,100,31.533664
3,0x5da9,2862,100,31.533664
0,0xc24,3644,100,31.795748
1,0x40a1,5162,100,31.795748
2,0x5633,4736,100,31.795748
3,0x5da9,2862,100,31.795748
0,0xc24,3644,100,32.057975
1,0x40a1,5162,100,32.057975
2,0x5633,4736,100,32.057975
3,0x5da9,2862,100,32.057975
0,0xc24,3677,100,32.320702
1,0x40a1,5153,100,32.320702
2,0x5633,4722,100,32.320702
3,0x5da9,2819,100,32.320702
0,0xc24,3677,100,32.583186
1,0x40a1,5153,100,32.583186
2,0x5633,4722,100,32.583186
3,0x5da9,2819,100,32.583186
0,0xc24,3677,100,32.845359
1,0x40a1,5153,100,32.845359
2,0x5633,4722,100,32.845359
3,0x5da9,2819,100,32.845359
0,0xc24,3677,100,33.107542
1,0x40a1,5153,100,33.107542
2,0x5633,4722,100,33.107542
3,0x5da9,2819,100,33.107542
0,0xc24,3677,100,33.369650
1,0x40a1,5153,100,33.369650
2,0x5633,4722,100,33.369650
3,0x5da9,2819,100,33.369650
0,0xc24,3677,100,33.631804
1,0x40a1,5153,100,33.631804
2,0x5633,4722,100,33.631804
3,0x5da9,2819,100,33.631804
0,0xc24,3677,100,33.893978
1,0x40a1,5153,100,33.893978
2,0x5633,4722,100,33.893978
3,0x5da9,2819,100,33.893978
0,0xc24,3677,100,34.156344
1,0x40a1,5153,100,34.156344
2,0x5633,4722,100,34.156344
3,0x5da9,2819,100,34.156344
0,0xc24,3677,100,34.418739
1,0x40a1,5153,100,34.418739
2,0x5633,4722,100,34.418739
3,0x5da9,2819,100,34.418739
0,0xc24,3668,100,34.680999
1,0x40a1,5167,100,34.680999
2,0x5633,4717,100,34.680999
3,0x5da9,2871,100,34.680999
0,0xc24,3668,100,34.943149
1,0x40a1,5167,100,34.943149
2,0x5633,4717,100,34.943149
3,0x5da9,2871,100,34.943149
0,0xc24,3668,100,35.205278
1,0x40a1,5167,100,35.205278
2,0x5633,4717,100,35.205278
3,0x5da9,2871,100,35.205278
0,0xc24,3668,100,35.467488
1,0x40a1,5167,100,35.467488
2,0x5633,4717,100,35.467488
3,0x5da9,2871,100,35.467488
0,0xc24,3668,100,35.729565
1,0x40a1,5167,100,35.729565
2,0x5633,4717,100,35.729565
3,0x5da9,2871,100,35.729565
0,0xc24,3668,100,35.991670
1,0x40a1,5167,100,35.991670
2,0x5633,4717,100,35.991670
3,0x5da9,2871,100,35.991670
0,0xc24,3668,100,36.253861
1,0x40a1,5167,100,36.253861
2,0x5633,4717,100,36.253861
3,0x5da9,2871,100,36.253861
0,0xc24,3668,100,36.515986
1,0x40a1,5167,100,36.515986
2,0x5633,4717,100,36.515986
3,0x5da9,2871,100,36.515986
0,0xc24,3677,100,36.778117
1,0x40a1,5124,100,36.778117
2,0x5633,4787,100,36.778117
3,0x5da9,2885,100,36.778117
0,0xc24,3677,100,37.040216
1,0x40a1,5124,100,37.040216
2,0x5633,4787,100,37.040216
3,0x5da9,2885,100,37.040216
0,0xc24,3677,100,37.302326
1,0x40a1,5124,100,37.302326
2,0x5633,4787,100,37.302326
3,0x5da9,2885,100,37.302326
0,0xc24,3677,100,37.564444
1,0x40a1,5124,100,37.564444
2,0x5633,4787,100,37.564444
3,0x5da9,2885,100,37.564444
0,0xc24,3677,100,37.826569
1,0x40a1,5124,100,37.826569
2,0x5633,4787,100,37.826569
3,0x5da9,2885,100,37.826569
0,0xc24,3677,100,38.088804
1,0x40a1,5124,100,38.088804
2,0x5633,4787,100,38.088804
3,0x5da9,2885,100,38.088804
0,0xc24,3677,100,38.350888
1,0x40a1,5124,100,38.350888
2,0x5633,4787,100,38.350888
3,0x5da9,2885,100,38.350888
0,0xc24,3677,100,38.613012
1,0x40a1,5124,100,38.613012
2,0x5633,4787,100,38.613012
3,0x5da9,2885,100,38.613012
0,0xc24,3654,100,38.875103
1,0x40a1,5157,100,38.875103
2,0x5633,4750,100,38.875103
3,0x5da9,2847,100,38.875103
0,0xc24,3654,100,39.137506
1,0x40a1,5157,100,39.137506
2,0x5633,4750,100,39.137506
3,0x5da9,2847,100,39.137506
0,0xc24,3654,100,39.399646
1,0x40a1,5157,100,39.399646
2,0x5633,4750,100,39.399646
3,0x5da9,2847,100,39.399646
0,0xc24,3654,100,39.661817
1,0x40a1,5157,100,39.661817
2,0x5633,4750,100,39.661817
3,0x5da9,2847,100,39.661817
0,0xc24,3654,100,39.924001
1,0x40a1,5157,100,39.924001
2,0x5633,4750,100,39.924001
3,0x5da9,2847,100,39.924001
0,0xc24,3654,100,40.186104
1,0x40a1,5157,100,40.186104
2,0x5633,4750,100,40.186104
3,0x5da9,2847,100,40.186104
0,0xc24,3654,100,40.448274
1,0x40a1,5157,100,40.448274
2,0x5633,4750,100,40.448274
3,0x5da9,2847,100,40.448274
0,0xc24,3654,100,40.710387
1,0x40a1,5157,100,40.710387
2,0x5633,4750,100,40.710387
3,0x5da9,2847,100,40.710387
0,0xc24,3654,100,40.972470
1,0x40a1,5157,100,40.972470
2,0x5633,4750,100,40.972470
3,0x5da9,2847,100,40.972470
0,0xc24,3654,100,41.234523
1,0x40a1,5153,100,41.234523
2,0x5633,4731,100,41.234523
3,0x5da9,2838,100,41.234523
0,0xc24,3654,100,41.496666
1,0x40a1,5153,100,41.496666
2,0x5633,4731,100,41.496666
3,0x5da9,2838,100,41.496666
0,0xc24,3654,100,41.758936
1,0x40a1,5153,100,41.758936
2,0x5633,4731,100,41.758936
3,0x5da9,2838,100,41.758936
0,0xc24,3654,100,42.021139
1,0x40a1,5153,100,42.021139
2,0x5633,4731,100,42.021139
3,0x5da9,2838,100,42.021139
0,0xc24,3654,100,42.283238
1,0x40a1,5153,100,42.283238
2,0x5633,4731,100,42.283238
3,0x5da9,2838,100,42.283238
0,0xc24,3654,100,42.545329
1,0x40a1,5153,100,42.545329
2,0x5633,4731,100,42.545329
3,0x5da9,2838,100,42.545329
0,0xc24,3654,100,42.807483
1,0x40a1,5153,100,42.807483
2,0x5633,4731,100,42.807483
3,0x5da9,2838,100,42.807483
0,0xc24,3654,100,43.069603
1,0x40a1,5153,100,43.069603
2,0x5633,4731,100,43.069603
3,0x5da9,2838,100,43.069603
0,0xc24,3672,100,43.331686
1,0x40a1,5181,100,43.331686
2,0x5633,4755,100,43.331686
3,0x5da9,2862,100,43.331686
0,0xc24,3672,100,43.593838
1,0x40a1,5181,100,43.593838
2,0x5633,4755,100,43.593838
3,0x5da9,2862,100,43.593838
0,0xc24,3672,100,43.855914
1,0x40a1,5181,100,43.855914
2,0x5633,4755,100,43.855914
3,0x5da9,2862,100,43.855914
0,0xc24,3672,100,44.118101
1,0x40a1,5181,100,44.118101
2,0x5633,4755,100,44.118101
3,0x5da9,2862,100,44.118101
0,0xc24,3672,100,44.380192
1,0x40a1,5181,100,44.380192
2,0x5633,4755,100,44.380192
3,0x5da9,2862,100,44.380192
0,0xc24,3672,100,44.648144
1,0x40a1,5181,100,44.648144
2,0x5633,4755,100,44.648144
3,0x5da9,2862,100,44.648144
0,0xc24,3672,100,44.910242
1,0x40a1,5181,100,44.910242
2,0x5633,4755,100,44.910242
3,0x5da9,2862,100,44.910242
0,0xc24,3672,100,45.172313
1,0x40a1,5181,100,45.172313
2,0x5633,4755,100,45.172313
3,0x5da9,2862,100,45.172313
0,0xc24,3672,100,45.434495
1,0x40a1,5181,100,45.434495
2,0x5633,4755,100,45.434495
3,0x5da9,2862,100,45.434495
0,0xc24,3691,100,45.696637
1,0x40a1,5171,100,45.696637
2,0x5633,4736,100,45.696637
3,0x5da9,2913,100,45.696637
0,0xc24,3691,100,45.958838
1,0x40a1,5171,100,45.958838
2,0x5633,4736,100,45.958838
3,0x5da9,2913,100,45.958838
0,0xc24,3691,100,46.220905
1,0x40a1,5171,100,46.220905
2,0x5633,4736,100,46.220905
3,0x5da9,2913,100,46.220905
0,0xc24,3691,100,46.482988
1,0x40a1,5171,100,46.482988
2,0x5633,4736,100,46.482988
3,0x5da9,2913,100,46.482988
0,0xc24,3691,100,46.745059
1,0x40a1,5171,100,46.745059
2,0x5633,4736,100,46.745059
3,0x5da9,2913,100,46.745059
0,0xc24,3691,100,47.007328
1,0x40a1,5171,100,47.007328
2,0x5633,4736,100,47.007328
3,0x5da9,2913,100,47.007328
0,0xc24,3691,100,47.269649
1,0x40a1,5171,100,47.269649
2,0x5633,4736,100,47.269649
3,0x5da9,2913,100,47.269649
0,0xc24,3691,100,47.531840
1,0x40a1,5171,100,47.531840
2,0x5633,4736,100,47.531840
3,0x5da9,2913,100,47.531840
0,0xc24,3635,100,47.793981
1,0x40a1,5162,100,47.793981
2,0x5633,4773,100,47.793981
3,0x5da9,2847,100,47.793981
0,0xc24,3635,100,48.056041
1,0x40a1,5162,100,48.056041
2,0x5633,4773,100,48.056041
3,0x5da9,2847,100,48.056041
0,0xc24,3635,100,48.318135
1,0x40a1,5162,100,48.318135
2,0x5633,4773,100,48.318135
3,0x5da9,2847,100,48.318135
0,0xc24,3635,100,48.580259
1,0x40a1,5162,100,48.580259
2,0x5633,4773,100,48.580259
3,0x5da9,2847,100,48.580259
0,0xc24,3635,100,48.842339
1,0x40a1,5162,100,48.842339
2,0x5633,4773,100,48.842339
3,0x5da9,2847,100,48.842339
0,0xc24,3635,100,49.104441
1,0x40a1,5162,100,49.104441
2,0x5633,4773,100,49.104441
3,0x5da9,2847,100,49.104441
0,0xc24,3635,100,49.366511
1,0x40a1,5162,100,49.366511
2,0x5633,4773,100,49.366511
3,0x5da9,2847,100,49.366511
0,0xc24,3635,100,49.628762
1,0x40a1,5162,100,49.628762
2,0x5633,4773,100,49.628762
3,0x5da9,2847,100,49.628762
0,0xc24,3677,100,49.890849
1,0x40a1,5176,100,49.890849
2,0x5633,4745,100,49.890849
3,0x5da9,2904,100,49.890849
0,0xc24,3677,100,50.154216
1,0x40a1,5176,100,50.154216
2,0x5633,4745,100,50.154216
3,0x5da9,2904,100,50.154216
0,0xc24,3677,100,50.416280
1,0x40a1,5176,100,50.416280
2,0x5633,4745,100,50.416280
3,0x5da9,2904,100,50.416280
0,0xc24,3677,100,50.678403
1,0x40a1,5176,100,50.678403
2,0x5633,4745,100,50.678403
3,0x5da9,2904,100,50.678403
0,0xc24,3677,100,50.940522
1,0x40a1,5176,100,50.940522
2,0x5633,4745,100,50.940522
3,0x5da9,2904,100,50.940522
0,0xc24,3677,100,51.202570
1,0x40a1,5176,100,51.202570
2,0x5633,4745,100,51.202570
3,0x5da9,2904,100,51.202570
0,0xc24,3677,100,51.464597
1,0x40a1,5176,100,51.464597
2,0x5633,4745,100,51.464597
3,0x5da9,2904,100,51.464597
0,0xc24,3677,100,51.726730
1,0x40a1,5176,100,51.726730
2,0x5633,4745,100,51.726730
3,0x5da9,2904,100,51.726730
0,0xc24,3677,100,51.988830
1,0x40a1,5176,100,51.988830
2,0x5633,4745,100,51.988830
3,0x5da9,2904,100,51.988830
0,0xc24,3639,100,52.251362
1,0x40a1,5171,100,52.251362
2,0x5633,4755,100,52.251362
3,0x5da9,2833,100,52.251362
0,0xc24,3639,100,52.513853
1,0x40a1,5171,100,52.513853
2,0x5633,4755,100,52.513853
3,0x5da9,2833,100,52.513853
0,0xc24,3639,100,52.776429
1,0x40a1,5171,100,52.776429
2,0x5633,4755,100,52.776429
3,0x5da9,2833,100,52.776429
0,0xc24,3639,100,53.038982
1,0x40a1,5171,100,53.038982
2,0x5633,4755,100,53.038982
3,0x5da9,2833,100,53.038982
0,0xc24,3639,100,53.301423
1,0x40a1,5171,100,53.301423
2,0x5633,4755,100,53.301423
3,0x5da9,2833,100,53.301423
0,0xc24,3639,100,53.563918
1,0x40a1,5171,100,53.563918
2,0x5633,4755,100,53.563918
3,0x5da9,2833,100,53.563918
0,0xc24,3639,100,53.826429
1,0x40a1,5171,100,53.826429
2,0x5633,4755,100,53.826429
3,0x5da9,2833,100,53.826429
0,0xc24,3639,100,54.088846
1,0x40a1,5171,100,54.088846
2,0x5633,4755,100,54.088846
3,0x5da9,2833,100,54.088846
0,0xc24,3639,100,54.350835
1,0x40a1,5185,100,54.350835
2,0x5633,4764,100,54.350835
3,0x5da9,2843,100,54.350835
0,0xc24,3639,100,54.612875
1,0x40a1,5185,100,54.612875
2,0x5633,4764,100,54.612875
3,0x5da9,2843,100,54.612875
0,0xc24,3639,100,54.879610
1,0x40a1,5185,100,54.879610
2,0x5633,4764,100,54.879610
3,0x5da9,2843,100,54.879610
0,0xc24,3639,100,55.142129
1,0x40a1,5185,100,55.142129
2,0x5633,4764,100,55.142129
3,0x5da9,2843,100,55.142129
0,0xc24,3639,100,55.404647
1,0x40a1,5185,100,55.404647
2,0x5633,4764,100,55.404647
3,0x5da9,2843,100,55.404647
0,0xc24,3639,100,55.667217
1,0x40a1,5185,100,55.667217
2,0x5633,4764,100,55.667217
3,0x5da9,2843,100,55.667217
0,0xc24,3639,100,55.929695
1,0x40a1,5185,100,55.929695
2,0x5633,4764,100,55.929695
3,0x5da9,2843,100,55.929695
0,0xc24,3639,100,56.192154
1,0x40a1,5185,100,56.192154
2,0x5633,4764,100,56.192154
3,0x5da9,2843,100,56.192154
0,0xc24,3639,100,56.454688
1,0x40a1,5185,100,56.454688
2,0x5633,4764,100,56.454688
3,0x5da9,2843,100,56.454688
0,0xc24,3672,100,56.717151
1,0x40a1,5153,100,56.717151
2,0x5633,4773,100,56.717151
0,0xc24,3672,100,56.979359
1,0x40a1,5153,100,56.979359
2,0x5633,4773,100,56.979359
0,0xc24,3672,100,57.241530
1,0x40a1,5153,100,57.241530
2,0x5633,4773,100,57.241530
0,0xc24,3672,100,57.503693
1,0x40a1,5153,100,57.503693
2,0x5633,4773,100,57.503693
0,0xc24,3672,100,57.765947
1,0x40a1,5153,100,57.765947
2,0x5633,4773,100,57.765947
0,0xc24,3672,100,58.028189
1,0x40a1,5153,100,58.028189
2,0x5633,4773,100,58.028189
0,0xc24,3672,100,58.290429
1,0x40a1,5153,100,58.290429
2,0x5633,4773,100,58.290429
0,0xc24,3672,100,58.552721
1,0x40a1,5153,100,58.552721
2,0x5633,4773,100,58.552721
0,0xc24,3658,100,58.815031
1,0x40a1,5171,100,58.815031
2,0x5633,4764,100,58.815031
3,0x5da9,2838,100,58.815031
0,0xc24,3658,100,59.077571
1,0x40a1,5171,100,59.077571
2,0x5633,4764,100,59.077571
3,0x5da9,2838,100,59.077571
0,0xc24,3658,100,59.339558
1,0x40a1,5171,100,59.339558
2,0x5633,4764,100,59.339558
3,0x5da9,2838,100,59.339558
0,0xc24,3658,100,59.601583
1,0x40a1,5171,100,59.601583
2,0x5633,4764,100,59.601583
3,0x5da9,2838,100,59.601583
0,0xc24,3658,100,59.863607
1,0x40a1,5171,100,59.863607
2,0x5633,4764,100,59.863607
3,0x5da9,2838,100,59.863607
0,0xc24,3658,100,60.125668
1,0x40a1,5171,100,60.125668
2,0x5633,4764,100,60.125668
3,0x5da9,2838,100,60.125668
0,0xc24,3658,100,60.387733
1,0x40a1,5171,100,60.387733
2,0x5633,4764,100,60.387733
3,0x5da9,2838,100,60.387733
0,0xc24,3658,100,60.649764
1,0x40a1,5171,100,60.649764
2,0x5633,4764,100,60.649764
3,0x5da9,2838,100,60.649764
0,0xc24,3649,100,60.911777
1,0x40a1,5185,100,60.911777
2,0x5633,4722,100,60.911777
3,0x5da9,2880,100,60.911777
0,0xc24,3649,100,61.173797
1,0x40a1,5185,100,61.173797
2,0x5633,4722,100,61.173797
3,0x5da9,2880,100,61.173797
0,0xc24,3649,100,61.435764
1,0x40a1,5185,100,61.435764
2,0x5633,4722,100,61.435764
3,0x5da9,2880,100,61.435764
0,0xc24,3649,100,61.697905
1,0x40a1,5185,100,61.697905
2,0x5633,4722,100,61.697905
3,0x5da9,2880,100,61.697905
0,0xc24,3649,100,61.960023
1,0x40a1,5185,100,61.960023
2,0x5633,4722,100,61.960023
3,0x5da9,2880,100,61.960023
0,0xc24,3649,100,62.222057
1,0x40a1,5185,100,62.222057
2,0x5633,4722,100,62.222057
3,0x5da9,2880,100,62.222057
0,0xc24,3649,100,62.484074
1,0x40a1,5185,100,62.484074
2,0x5633,4722,100,62.484074
3,0x5da9,2880,100,62.484074
0,0xc24,3649,100,62.746107
1,0x40a1,5185,100,62.746107
2,0x5633,4722,100,62.746107
3,0x5da9,2880,100,62.746107
0,0xc24,3649,100,63.008625
1,0x40a1,5185,100,63.008625
2,0x5633,4722,100,63.008625
3,0x5da9,2880,100,63.008625
0,0xc24,3672,100,63.271130
1,0x40a1,5143,100,63.271130
2,0x5633,4792,100,63.271130
3,0x5da9,2894,100,63.271130
0,0xc24,3672,100,63.533599
1,0x40a1,5143,100,63.533599
2,0x5633,4792,100,63.533599
3,0x5da9,2894,100,63.533599
0,0xc24,3672,100,63.796073
1,0x40a1,5143,100,63.796073
2,0x5633,4792,100,63.796073
3,0x5da9,2894,100,63.796073
0,0xc24,3672,100,64.058549
1,0x40a1,5143,100,64.058549
2,0x5633,4792,100,64.058549
3,0x5da9,2894,100,64.058549
0,0xc24,3672,100,64.320783
1,0x40a1,5143,100,64.320783
2,0x5633,4792,100,64.320783
3,0x5da9,2894,100,64.320783
0,0xc24,3672,100,64.583006
1,0x40a1,5143,100,64.583006
2,0x5633,4792,100,64.583006
3,0x5da9,2894,100,64.583006
0,0xc24,3672,100,64.845220
1,0x40a1,5143,100,64.845220
2,0x5633,4792,100,64.845220
3,0x5da9,2894,100,64.845220
0,0xc24,3672,100,65.107499
1,0x40a1,5143,100,65.107499
2,0x5633,4792,100,65.107499
3,0x5da9,2894,100,65.107499
0,0xc24,3700,100,65.369654
1,0x40a1,5171,100,65.369654
2,0x5633,4755,100,65.369654
3,0x5da9,2843,100,65.369654
0,0xc24,3700,100,65.631873
1,0x40a1,5171,100,65.631873
2,0x5633,4755,100,65.631873
3,0x5da9,2843,100,65.631873
0,0xc24,3700,100,65.894108
1,0x40a1,5171,100,65.894108
2,0x5633,4755,100,65.894108
3,0x5da9,2843,100,65.894108
0,0xc24,3700,100,66.156629
1,0x40a1,5171,100,66.156629
2,0x5633,4755,100,66.156629
3,0x5da9,2843,100,66.156629
0,0xc24,3700,100,66.419170
1,0x40a1,5171,100,66.419170
2,0x5633,4755,100,66.419170
3,0x5da9,2843,100,66.419170
0,0xc24,3700,100,66.681671
1,0x40a1,5171,100,66.681671
2,0x5633,4755,100,66.681671
3,0x5da9,2843,100,66.681671
0,0xc24,3700,100,66.944164
1,0x40a1,5171,100,66.944164
2,0x5633,4755,100,66.944164
3,0x5da9,2843,100,66.944164
0,0xc24,3700,100,67.206614
1,0x40a1,5171,100,67.206614
2,0x5633,4755,100,67.206614
3,0x5da9,2843,100,67.206614
0,0xc24,3677,100,67.469189
1,0x40a1,5171,100,67.469189
2,0x5633,4764,100,67.469189
3,0x5da9,2904,100,67.469189
0,0xc24,3677,100,67.731651
1,0x40a1,5171,100,67.731651
2,0x5633,4764,100,67.731651
3,0x5da9,2904,100,67.731651
0,0xc24,3677,100,67.994179
1,0x40a1,5171,100,67.994179
2,0x5633,4764,100,67.994179
3,0x5da9,2904,100,67.994179
0,0xc24,3677,100,68.256607
1,0x40a1,5171,100,68.256607
2,0x5633,4764,100,68.256607
3,0x5da9,2904,100,68.256607
0,0xc24,3677,100,68.519199
1,0x40a1,5171,100,68.519199
2,0x5633,4764,100,68.519199
3,0x5da9,2904,100,68.519199
0,0xc24,3677,100,68.781667
1,0x40a1,5171,100,68.781667
2,0x5633,4764,100,68.781667
3,0x5da9,2904,100,68.781667
0,0xc24,3677,100,69.044163
1,0x40a1,5171,100,69.044163
2,0x5633,4764,100,69.044163
3,0x5da9,2904,100,69.044163
0,0xc24,3677,100,69.306540
1,0x40a1,5171,100,69.306540
2,0x5633,4764,100,69.306540
3,0x5da9,2904,100,69.306540
0,0xc24,3677,100,69.569192
1,0x40a1,5171,100,69.569192
2,0x5633,4764,100,69.569192
3,0x5da9,2904,100,69.569192
0,0xc24,3639,100,69.831560
1,0x40a1,5167,100,69.831560
2,0x5633,4773,100,69.831560
3,0x5da9,2913,100,69.831560
0,0xc24,3639,100,70.094071
1,0x40a1,5167,100,70.094071
2,0x5633,4773,100,70.094071
3,0x5da9,2913,100,70.094071
0,0xc24,3639,100,70.356475
1,0x40a1,5167,100,70.356475
2,0x5633,4773,100,70.356475
3,0x5da9,2913,100,70.356475
0,0xc24,3639,100,70.619023
1,0x40a1,5167,100,70.619023
2,0x5633,4773,100,70.619023
3,0x5da9,2913,100,70.619023
0,0xc24,3639,100,70.881385
1,0x40a1,5167,100,70.881385
2,0x5633,4773,100,70.881385
3,0x5da9,2913,100,70.881385
0,0xc24,3639,100,71.143927
1,0x40a1,5167,100,71.143927
2,0x5633,4773,100,71.143927
3,0x5da9,2913,100,71.143927
0,0xc24,3639,100,71.406376
1,0x40