0,0xc24,3297,100,2.912193
1,0x40a1,4694,100,2.912193
2,0x5633,5462,100,2.912193
3,0x5da9,4052,100,2.912193
0,0xc24,3297,100,3.174292
1,0x40a1,4694,100,3.174292
2,0x5633,5462,100,3.174292
3,0x5da9,4052,100,3.174292
0,0xc24,3297,100,3.436305
1,0x40a1,4694,100,3.436305
2,0x5633,5462,100,3.436305
3,0x5da9,4052,100,3.436305
0,0xc24,3199,100,3.698321
1,0x40a1,4712,100,3.698321
2,0x5633,5476,100,3.698321
3,0x5da9,4070,100,3.698321
0,0xc24,3199,100,3.960376
1,0x40a1,4712,100,3.960376
2,0x5633,5476,100,3.960376
3,0x5da9,4070,100,3.960376
0,0xc24,3199,100,4.222373
1,0x40a1,4712,100,4.222373
2,0x5633,5476,100,4.222373
3,0x5da9,4070,100,4.222373
0,0xc24,3199,100,4.484371
1,0x40a1,4712,100,4.484371
2,0x5633,5476,100,4.484371
3,0x5da9,4070,100,4.484371
0,0xc24,3199,100,4.746351
1,0x40a1,4712,100,4.746351
2,0x5633,5476,100,4.746351
3,0x5da9,4070,100,4.746351
0,0xc24,3199,100,5.008306
1,0x40a1,4712,100,5.008306
2,0x5633,5476,100,5.008306
3,0x5da9,4070,100,5.008306
0,0xc24,3199,100,5.270415
1,0x40a1,4712,100,5.270415
2,0x5633,5476,100,5.270415
3,0x5da9,4070,100,5.270415
0,0xc24,3199,100,5.532418
1,0x40a1,4712,100,5.532418
2,0x5633,5476,100,5.532418
3,0x5da9,4070,100,5.532418
0,0xc24,3199,100,5.794435
1,0x40a1,4712,100,5.794435
2,0x5633,5476,100,5.794435
3,0x5da9,4070,100,5.794435
0,0xc24,3199,100,6.056510
1,0x40a1,4731,100,6.056510
2,0x5633,5405,100,6.056510
3,0x5da9,4075,100,6.056510
0,0xc24,3199,100,6.318450
1,0x40a1,4731,100,6.318450
2,0x5633,5405,100,6.318450
3,0x5da9,4075,100,6.318450
0,0xc24,3199,100,6.580421
1,0x40a1,4731,100,6.580421
2,0x5633,5405,100,6.580421
3,0x5da9,4075,100,6.580421
0,0xc24,3199,100,6.842411
1,0x40a1,4731,100,6.842411
2,0x5633,5405,100,6.842411
3,0x5da9,4075,100,6.842411
0,0xc24,3199,100,7.104379
1,0x40a1,4731,100,7.104379
2,0x5633,5405,100,7.104379
3,0x5da9,4075,100,7.104379
0,0xc24,3199,100,7.366307
1,0x40a1,4731,100,7.366307
2,0x5633,5405,100,7.366307
3,0x5da9,4075,100,7.366307
0,0xc24,3199,100,7.632922
1,0x40a1,4731,100,7.632922
2,0x5633,5405,100,7.632922
3,0x5da9,4075,100,7.632922
0,0xc24,3199,100,7.894887
1,0x40a1,4731,100,7.894887
2,0x5633,5405,100,7.894887
3,0x5da9,4075,100,7.894887
0,0xc24,3208,100,8.156893
1,0x40a1,4675,100,8.156893
2,0x5633,5372,100,8.156893
3,0x5da9,4061,100,8.156893
0,0xc24,3208,100,8.418923
1,0x40a1,4675,100,8.418923
2,0x5633,5372,100,8.418923
3,0x5da9,4061,100,8.418923
0,0xc24,3208,100,8.680946
1,0x40a1,4675,100,8.680946
2,0x5633,5372,100,8.680946
3,0x5da9,4061,100,8.680946
0,0xc24,3208,100,8.942940
1,0x40a1,4675,100,8.942940
2,0x5633,5372,100,8.942940
3,0x5da9,4061,100,8.942940
0,0xc24,3208,100,9.204974
1,0x40a1,4675,100,9.204974
2,0x5633,5372,100,9.204974
3,0x5da9,4061,100,9.204974
0,0xc24,3208,100,9.466969
1,0x40a1,4675,100,9.466969
2,0x5633,5372,100,9.466969
3,0x5da9,4061,100,9.466969
0,0xc24,3208,100,9.728926
1,0x40a1,4675,100,9.728926
2,0x5633,5372,100,9.728926
3,0x5da9,4061,100,9.728926
0,0xc24,3208,100,9.991041
1,0x40a1,4675,100,9.991041
2,0x5633,5372,100,9.991041
3,0x5da9,4061,100,9.991041
0,0xc24,3241,100,10.253042
1,0x40a1,4722,100,10.253042
2,0x5633,5382,100,10.253042
3,0x5da9,4075,100,10.253042
0,0xc24,3241,100,10.515034
1,0x40a1,4722,100,10.515034
2,0x5633,5382,100,10.515034
3,0x5da9,4075,100,10.515034
0,0xc24,3241,100,10.777076
1,0x40a1,4722,100,10.777076
2,0x5633,5382,100,10.777076
3,0x5da9,4075,100,10.777076
0,0xc24,3241,100,11.039105
1,0x40a1,4722,100,11.039105
2,0x5633,5382,100,11.039105
3,0x5da9,4075,100,11.039105
0,0xc24,3241,100,11.301232
1,0x40a1,4722,100,11.301232
2,0x5633,5382,100,11.301232
3,0x5da9,4075,100,11.301232
0,0xc24,3241,100,11.563226
1,0x40a1,4722,100,11.563226
2,0x5633,5382,100,11.563226
3,0x5da9,4075,100,11.563226
0,0xc24,3241,100,11.825242
1,0x40a1,4722,100,11.825242
2,0x5633,5382,100,11.825242
3,0x5da9,4075,100,11.825242
0,0xc24,3241,100,12.087224
1,0x40a1,4722,100,12.087224
2,0x5633,5382,100,12.087224
3,0x5da9,4075,100,12.087224
0,0xc24,3241,100,12.349250
1,0x40a1,4722,100,12.349250
2,0x5633,5382,100,12.349250
3,0x5da9,4075,100,12.349250
0,0xc24,3213,100,12.611399
1,0x40a1,4698,100,12.611399
2,0x5633,5391,100,12.611399
3,0x5da9,4066,100,12.611399
0,0xc24,3213,100,12.873587
1,0x40a1,4698,100,12.873587
2,0x5633,5391,100,12.873587
3,0x5da9,4066,100,12.873587
0,0xc24,3213,100,13.135584
1,0x40a1,4698,100,13.135584
2,0x5633,5391,100,13.135584
3,0x5da9,4066,100,13.135584
0,0xc24,3213,100,13.397628
1,0x40a1,4698,100,13.397628
2,0x5633,5391,100,13.397628
3,0x5da9,4066,100,13.397628
0,0xc24,3213,100,13.659631
1,0x40a1,4698,100,13.659631
2,0x5633,5391,100,13.659631
3,0x5da9,4066,100,13.659631
0,0xc24,3213,100,13.921668
1,0x40a1,4698,100,13.921668
2,0x5633,5391,100,13.921668
3,0x5da9,4066,100,13.921668
0,0xc24,3213,100,14.183689
1,0x40a1,4698,100,14.183689
2,0x5633,5391,100,14.183689
3,0x5da9,4066,100,14.183689
0,0xc24,3213,100,14.445780
1,0x40a1,4698,100,14.445780
2,0x5633,5391,100,14.445780
3,0x5da9,4066,100,14.445780
0,0xc24,3147,100,14.707807
1,0x40a1,4717,100,14.707807
2,0x5633,5363,100,14.707807
3,0x5da9,4052,100,14.707807
0,0xc24,3147,100,14.969868
1,0x40a1,4717,100,14.969868
2,0x5633,5363,100,14.969868
3,0x5da9,4052,100,14.969868
0,0xc24,3147,100,15.231932
1,0x40a1,4717,100,15.231932
2,0x5633,5363,100,15.231932
3,0x5da9,4052,100,15.231932
0,0xc24,3147,100,15.493981
1,0x40a1,4717,100,15.493981
2,0x5633,5363,100,15.493981
3,0x5da9,4052,100,15.493981
0,0xc24,3147,100,15.755961
1,0x40a1,4717,100,15.755961
2,0x5633,5363,100,15.755961
3,0x5da9,4052,100,15.755961
0,0xc24,3147,100,16.017963
1,0x40a1,4717,100,16.017963
2,0x5633,5363,100,16.017963
3,0x5da9,4052,100,16.017963
0,0xc24,3147,100,16.280158
1,0x40a1,4717,100,16.280158
2,0x5633,5363,100,16.280158
3,0x5da9,4052,100,16.280158
0,0xc24,3147,100,16.542212
1,0x40a1,4717,100,16.542212
2,0x5633,5363,100,16.542212
3,0x5da9,4052,100,16.542212
0,0xc24,3147,100,16.804272
1,0x40a1,4717,100,16.804272
2,0x5633,5363,100,16.804272
3,0x5da9,4052,100,16.804272
0,0xc24,3161,100,17.066245
1,0x40a1,4694,100,17.066245
2,0x5633,5466,100,17.066245
3,0x5da9,4042,100,17.066245
0,0xc24,3161,100,17.328267
1,0x40a1,4694,100,17.328267
2,0x5633,5466,100,17.328267
3,0x5da9,4042,100,17.328267
0,0xc24,3161,100,17.590331
1,0x40a1,4694,100,17.590331
2,0x5633,5466,100,17.590331
3,0x5da9,4042,100,17.590331
0,0xc24,3161,100,17.852405
1,0x40a1,4694,100,17.852405
2,0x5633,5466,100,17.852405
3,0x5da9,4042,100,17.852405
0,0xc24,3161,100,18.114450
1,0x40a1,4694,100,18.114450
2,0x5633,5466,100,18.114450
3,0x5da9,4042,100,18.114450
0,0xc24,3161,100,18.376468
1,0x40a1,4694,100,18.376468
2,0x5633,5466,100,18.376468
3,0x5da9,4042,100,18.376468
0,0xc24,3161,100,18.638451
1,0x40a1,4694,100,18.638451
2,0x5633,5466,100,18.638451
3,0x5da9,4042,100,18.638451
0,0xc24,3161,100,18.900571
1,0x40a1,4694,100,18.900571
2,0x5633,5466,100,18.900571
3,0x5da9,4042,100,18.900571
0,0xc24,3250,100,19.162607
1,0x40a1,4680,100,19.162607
2,0x5633,5452,100,19.162607
3,0x5da9,4042,100,19.162607
0,0xc24,3250,100,19.424680
1,0x40a1,4680,100,19.424680
2,0x5633,5452,100,19.424680
3,0x5da9,4042,100,19.424680
0,0xc24,3250,100,19.686707
1,0x40a1,4680,100,19.686707
2,0x5633,5452,100,19.686707
3,0x5da9,4042,100,19.686707
0,0xc24,3250,100,19.948790
1,0x40a1,4680,100,19.948790
2,0x5633,5452,100,19.948790
3,0x5da9,4042,100,19.948790
0,0xc24,3250,100,20.210887
1,0x40a1,4680,100,20.210887
2,0x5633,5452,100,20.210887
3,0x5da9,4042,100,20.210887
0,0xc24,3250,100,20.472932
1,0x40a1,4680,100,20.472932
2,0x5633,5452,100,20.472932
3,0x5da9,4042,100,20.472932
0,0xc24,3250,100,20.734980
1,0x40a1,4680,100,20.734980
2,0x5633,5452,100,20.734980
3,0x5da9,4042,100,20.734980
0,0xc24,3250,100,20.997037
1,0x40a1,4680,100,20.997037
2,0x5633,5452,100,20.997037
3,0x5da9,4042,100,20.997037
0,0xc24,3147,100,21.259083
1,0x40a1,4689,100,21.259083
2,0x5633,5354,100,21.259083
3,0x5da9,4047,100,21.259083
0,0xc24,3147,100,21.521160
1,0x40a1,4689,100,21.521160
2,0x5633,5354,100,21.521160
3,0x5da9,4047,100,21.521160
0,0xc24,3147,100,21.783257
1,0x40a1,4689,100,21.783257
2,0x5633,5354,100,21.783257
3,0x5da9,4047,100,21.783257
0,0xc24,3147,100,22.045299
1,0x40a1,4689,100,22.045299
2,0x5633,5354,100,22.045299
3,0x5da9,4047,100,22.045299
0,0xc24,3147,100,22.307333
1,0x40a1,4689,100,22.307333
2,0x5633,5354,100,22.307333
3,0x5da9,4047,100,22.307333
0,0xc24,3147,100,22.569473
1,0x40a1,4689,100,22.569473
2,0x5633,5354,100,22.569473
3,0x5da9,4047,100,22.569473
0,0xc24,3147,100,22.835474
1,0x40a1,4689,100,22.835474
2,0x5633,5354,100,22.835474
3,0x5da9,4047,100,22.835474
0,0xc24,3147,100,23.097504
1,0x40a1,4689,100,23.097504
2,0x5633,5354,100,23.097504
3,0x5da9,4047,100,23.097504
0,0xc24,3147,100,23.359517
1,0x40a1,4689,100,23.359517
2,0x5633,5354,100,23.359517
3,0x5da9,4047,100,23.359517
0,0xc24,3161,100,23.621703
1,0x40a1,4703,100,23.621703
2,0x5633,5410,100,23.621703
3,0x5da9,4019,100,23.621703
0,0xc24,3161,100,23.883718
1,0x40a1,4703,100,23.883718
2,0x5633,5410,100,23.883718
3,0x5da9,4019,100,23.883718
0,0xc24,3161,100,24.145764
1,0x40a1,4703,100,24.145764
2,0x5633,5410,100,24.145764
3,0x5da9,4019,100,24.145764
0,0xc24,3161,100,24.407742
1,0x40a1,4703,100,24.407742
2,0x5633,5410,100,24.407742
3,0x5da9,4019,100,24.407742
0,0xc24,3161,100,24.669824
1,0x40a1,4703,100,24.669824
2,0x5633,5410,100,24.669824
3,0x5da9,4019,100,24.669824
0,0xc24,3161,100,24.931874
1,0x40a1,4703,100,24.931874
2,0x5633,5410,100,24.931874
3,0x5da9,4019,100,24.931874
0,0xc24,3161,100,25.193899
1,0x40a1,4703,100,25.193899
2,0x5633,5410,100,25.193899
3,0x5da9,4019,100,25.193899
0,0xc24,3161,100,25.455994
1,0x40a1,4703,100,25.455994
2,0x5633,5410,100,25.455994
3,0x5da9,4019,100,25.455994
0,0xc24,3227,100,25.718025
1,0x40a1,4703,100,25.718025
2,0x5633,5415,100,25.718025
3,0x5da9,4052,100,25.718025
0,0xc24,3227,100,25.980142
1,0x40a1,4703,100,25.980142
2,0x5633,5415,100,25.980142
3,0x5da9,4052,100,25.980142
0,0xc24,3227,100,26.242200
1,0x40a1,4703,100,26.242200
2,0x5633,5415,100,26.242200
3,0x5da9,4052,100,26.242200
0,0xc24,3227,100,26.504222
1,0x40a1,4703,100,26.504222
2,0x5633,5415,100,26.504222
3,0x5da9,4052,100,26.504222
0,0xc24,3227,100,26.766301
1,0x40a1,4703,100,26.766301
2,0x5633,5415,100,26.766301
3,0x5da9,4052,100,26.766301
0,0xc24,3227,100,27.028335
1,0x40a1,4703,100,27.028335
2,0x5633,5415,100,27.028335
3,0x5da9,4052,100,27.028335
0,0xc24,3227,100,27.290436
1,0x40a1,4703,100,27.290436
2,0x5633,5415,100,27.290436
3,0x5da9,4052,100,27.290436
0,0xc24,3227,100,27.552472
1,0x40a1,4703,100,27.552472
2,0x5633,5415,100,27.552472
3,0x5da9,4052,100,27.552472
0,0xc24,3227,100,27.814610
1,0x40a1,4703,100,27.814610
2,0x5633,5415,100,27.814610
3,0x5da9,4052,100,27.814610
0,0xc24,3185,100,28.076647
1,0x40a1,4726,100,28.076647
2,0x5633,5588,100,28.076647
3,0x5da9,4094,100,28.076647
0,0xc24,3185,100,28.338702
1,0x40a1,4726,100,28.338702
2,0x5633,5588,100,28.338702
3,0x5da9,4094,100,28.338702
0,0xc24,3185,100,28.600780
1,0x40a1,4726,100,28.600780
2,0x5633,5588,100,28.600780
3,0x5da9,4094,100,28.600780
0,0xc24,3185,100,28.862841
1,0x40a1,4726,100,28.862841
2,0x5633,5588,100,28.862841
3,0x5da9,4094,100,28.862841
0,0xc24,3185,100,29.124967
1,0x40a1,4726,100,29.124967
2,0x5633,5588,100,29.124967
3,0x5da9,4094,100,29.124967
0,0xc24,3185,100,29.387015
1,0x40a1,4726,100,29.387015
2,0x5633,5588,100,29.387015
3,0x5da9,4094,100,29.387015
0,0xc24,3185,100,29.649037
1,0x40a1,4726,100,29.649037
2,0x5633,5588,100,29.649037
3,0x5da9,4094,100,29.649037
0,0xc24,3185,100,29.911119
1,0x40a1,4726,100,29.911119
2,0x5633,5588,100,29.911119
3,0x5da9,4094,100,29.911119
0,0xc24,3156,100,30.173157
1,0x40a1,4680,100,30.173157
2,0x5633,5485,100,30.173157
3,0x5da9,4047,100,30.173157
0,0xc24,3156,100,30.435222
1,0x40a1,4680,100,30.435222
2,0x5633,5485,100,30.435222
3,0x5da9,4047,100,30.435222
0,0xc24,3156,100,30.697259
1,0x40a1,4680,100,30.697259
2,0x5633,5485,100,30.697259
3,0x5da9,4047,100,30.697259
0,0xc24,3156,100,30.959351
1,0x40a1,4680,100,30.959351
2,0x5633,5485,100,30.959351
3,0x5da9,4047,100,30.959351
0,0xc24,3156,100,31.221475
1,0x40a1,4680,100,31.221475
2,0x5633,5485,100,31.221475
3,0x5da9,4047,100,31.221475
0,0xc24,3156,100,31.483527
1,0x40a1,4680,100,31.483527
2,0x5633,5485,100,31.483527
3,0x5da9,4047,100,31.483527
0,0xc24,3156,100,31.745589
1,0x40a1,4680,100,31.745589
2,0x5633,5485,100,31.745589
3,0x5da9,4047,100,31.745589
0,0xc24,3156,100,32.007644
1,0x40a1,4680,100,32.007644
2,0x5633,5485,100,32.007644
3,0x5da9,4047,100,32.007644
0,0xc24,3344,100,32.269858
1,0x40a1,4670,100,32.269858
2,0x5633,5485,100,32.269858
3,0x5da9,3991,100,32.269858
0,0xc24,3344,100,32.531887
1,0x40a1,4670,100,32.531887
2,0x5633,5485,100,32.531887
3,0x5da9,3991,100,32.531887
0,0xc24,3344,100,32.793969
1,0x40a1,4670,100,32.793969
2,0x5633,5485,100,32.793969
3,0x5da9,3991,100,32.793969
0,0xc24,3344,100,33.056084
1,0x40a1,4670,100,33.056084
2,0x5633,5485,100,33.056084
3,0x5da9,3991,100,33.056084
0,0xc24,3344,100,33.318132
1,0x40a1,4670,100,33.318132
2,0x5633,5485,100,33.318132
3,0x5da9,3991,100,33.318132
0,0xc24,3344,100,33.580158
1,0x40a1,4670,100,33.580158
2,0x5633,5485,100,33.580158
3,0x5da9,3991,100,33.580158
0,0xc24,3344,100,33.842217
1,0x40a1,4670,100,33.842217
2,0x5633,5485,100,33.842217
3,0x5da9,3991,100,33.842217
0,0xc24,3344,100,34.104254
1,0x40a1,4670,100,34.104254
2,0x5633,5485,100,34.104254
3,0x5da9,3991,100,34.104254
0,0xc24,3344,100,34.366284
1,0x40a1,4670,100,34.366284
2,0x5633,5485,100,34.366284
3,0x5da9,3991,100,34.366284
0,0xc24,3194,100,34.628517
1,0x40a1,4675,100,34.628517
2,0x5633,5494,100,34.628517
3,0x5da9,4038,100,34.628517
0,0xc24,3194,100,34.890615
1,0x40a1,4675,100,34.890615
2,0x5633,5494,100,34.890615
3,0x5da9,4038,100,34.890615
0,0xc24,3194,100,35.152686
1,0x40a1,4675,100,35.152686
2,0x5633,5494,100,35.152686
3,0x5da9,4038,100,35.152686
0,0xc24,3194,100,35.414773
1,0x40a1,4675,100,35.414773
2,0x5633,5494,100,35.414773
3,0x5da9,4038,100,35.414773
0,0xc24,3194,100,35.676804
1,0x40a1,4675,100,35.676804
2,0x5633,5494,100,35.676804
3,0x5da9,4038,100,35.676804
0,0xc24,3194,100,35.938852
1,0x40a1,4675,100,35.938852
2,0x5633,5494,100,35.938852
3,0x5da9,4038,100,35.938852
0,0xc24,3194,100,36.201001
1,0x40a1,4675,100,36.201001
2,0x5633,5494,100,36.201001
3,0x5da9,4038,100,36.201001
0,0xc24,3194,100,36.463091
1,0x40a1,4675,100,36.463091
2,0x5633,5494,100,36.463091
3,0x5da9,4038,100,36.463091
0,0xc24,3241,100,36.725131
1,0x40a1,4684,100,36.725131
2,0x5633,5551,100,36.725131
3,0x5da9,4019,100,36.725131
0,0xc24,3241,100,36.987176
1,0x40a1,4684,100,36.987176
2,0x5633,5551,100,36.987176
3,0x5da9,4019,100,36.987176
0,0xc24,3241,100,37.249245
1,0x40a1,4684,100,37.249245
2,0x5633,5551,100,37.249245
3,0x5da9,4019,100,37.249245
0,0xc24,3241,100,37.511373
1,0x40a1,4684,100,37.511373
2,0x5633,5551,100,37.511373
3,0x5da9,4019,100,37.511373
0,0xc24,3241,100,37.773430
1,0x40a1,4684,100,37.773430
2,0x5633,5551,100,37.773430
3,0x5da9,4019,100,37.773430
0,0xc24,3241,100,38.041111
1,0x40a1,4684,100,38.041111
2,0x5633,5551,100,38.041111
3,0x5da9,4019,100,38.041111
0,0xc24,3241,100,38.303247
1,0x40a1,4684,100,38.303247
2,0x5633,5551,100,38.303247
3,0x5da9,4019,100,38.303247
0,0xc24,3241,100,38.565307
1,0x40a1,4684,100,38.565307
2,0x5633,5551,100,38.565307
3,0x5da9,4019,100,38.565307
0,0xc24,3241,100,38.827358
1,0x40a1,4680,100,38.827358
2,0x5633,5462,100,38.827358
3,0x5da9,4052,100,38.827358
0,0xc24,3241,100,39.089415
1,0x40a1,4680,100,39.089415
2,0x5633,5462,100,39.089415
3,0x5da9,4052,100,39.089415
0,0xc24,3241,100,39.351536
1,0x40a1,4680,100,39.351536
2,0x5633,5462,100,39.351536
3,0x5da9,4052,100,39.351536
0,0xc24,3241,100,39.613598
1,0x40a1,4680,100,39.613598
2,0x5633,5462,100,39.613598
3,0x5da9,4052,100,39.613598
0,0xc24,3241,100,39.875648
1,0x40a1,4680,100,39.875648
2,0x5633,5462,100,39.875648
3,0x5da9,4052,100,39.875648
0,0xc24,3241,100,40.137770
1,0x40a1,4680,100,40.137770
2,0x5633,5462,100,40.137770
3,0x5da9,4052,100,40.137770
0,0xc24,3241,100,40.400049
1,0x40a1,4680,100,40.400049
2,0x5633,5462,100,40.400049
3,0x5da9,4052,100,40.400049
0,0xc24,3241,100,40.662097
1,0x40a1,4680,100,40.662097
2,0x5633,5462,100,40.662097
3,0x5da9,4052,100,40.662097
0,0xc24,3241,100,40.924124
1,0x40a1,4680,100,40.924124
2,0x5633,5462,100,40.924124
3,0x5da9,4052,100,40.924124
0,0xc24,3231,100,41.186191
1,0x40a1,4740,100,41.186191
2,0x5633,5504,100,41.186191
3,0x5da9,4042,100,41.186191
0,0xc24,3231,100,41.448244
1,0x40a1,4740,100,41.448244
2,0x5633,5504,100,41.448244
3,0x5da9,4042,100,41.448244
0,0xc24,3231,100,41.710386
1,0x40a1,4740,100,41.710386
2,0x5633,5504,100,41.710386
3,0x5da9,4042,100,41.710386
0,0xc24,3231,100,41.972561
1,0x40a1,4740,100,41.972561
2,0x5633,5504,100,41.972561
3,0x5da9,4042,100,41.972561
0,0xc24,3231,100,42.234621
1,0x40a1,4740,100,42.234621
2,0x5633,5504,100,42.234621
3,0x5da9,4042,100,42.234621
0,0xc24,3231,100,42.496679
1,0x40a1,4740,100,42.496679
2,0x5633,5504,100,42.496679
3,0x5da9,4042,100,42.496679
0,0xc24,3231,100,42.758744
1,0x40a1,4740,100,42.758744
2,0x5633,5504,100,42.758744
3,0x5da9,4042,100,42.758744
0,0xc24,3231,100,43.020876
1,0x40a1,4740,100,43.020876
2,0x5633,5504,100,43.020876
3,0x5da9,4042,100,43.020876
0,0xc24,3119,100,43.282944
1,0x40a1,4703,100,43.282944
2,0x5633,5513,100,43.282944
3,0x5da9,4056,100,43.282944
0,0xc24,3119,100,43.544997
1,0x40a1,4703,100,43.544997
2,0x5633,5513,100,43.544997
3,0x5da9,4056,100,43.544997
0,0xc24,3119,100,43.807094
1,0x40a1,4703,100,43.807094
2,0x5633,5513,100,43.807094
3,0x5da9,4056,100,43.807094
0,0xc24,3119,100,44.069167
1,0x40a1,4703,100,44.069167
2,0x5633,5513,100,44.069167
3,0x5da9,4056,100,44.069167
0,0xc24,3119,100,44.331300
1,0x40a1,4703,100,44.331300
2,0x5633,5513,100,44.331300
3,0x5da9,4056,100,44.331300
0,0xc24,3119,100,44.593307
1,0x40a1,4703,100,44.593307
2,0x5633,5513,100,44.593307
3,0x5da9,4056,100,44.593307
0,0xc24,3119,100,44.855373
1,0x40a1,4703,100,44.855373
2,0x5633,5513,100,44.855373
3,0x5da9,4056,100,44.855373
0,0xc24,3119,100,45.117446
1,0x40a1,4703,100,45.117446
2,0x5633,5513,100,45.117446
3,0x5da9,4056,100,45.117446
0,0xc24,3119,100,45.379579
1,0x40a1,4703,100,45.379579
2,0x5633,5513,100,45.379579
3,0x5da9,4056,100,45.379579
0,0xc24,3147,100,45.641730
1,0x40a1,4717,100,45.641730
2,0x5633,5438,100,45.641730
3,0x5da9,4033,100,45.641730
0,0xc24,3147,100,45.903770
1,0x40a1,4717,100,45.903770
2,0x5633,5438,100,45.903770
3,0x5da9,4033,100,45.903770
0,0xc24,3147,100,46.165827
1,0x40a1,4717,100,46.165827
2,0x5633,5438,100,46.165827
3,0x5da9,4033,100,46.165827
0,0xc24,3147,100,46.427903
1,0x40a1,4717,100,46.427903
2,0x5633,5438,100,46.427903
3,0x5da9,4033,100,46.427903
0,0xc24,3147,100,46.690008
1,0x40a1,4717,100,46.690008
2,0x5633,5438,100,46.690008
3,0x5da9,4033,100,46.690008
0,0xc24,3147,100,46.952088
1,0x40a1,4717,100,46.952088
2,0x5633,5438,100,46.952088
3,0x5da9,4033,100,46.952088
0,0xc24,3147,100,47.214242
1,0x40a1,4717,100,47.214242
2,0x5633,5438,100,47.214242
3,0x5da9,4033,100,47.214242
0,0xc24,3147,100,47.476305
1,0x40a1,4717,100,47.476305
2,0x5633,5438,100,47.476305
3,0x5da9,4033,100,47.476305
0,0xc24,3170,100,47.738387
1,0x40a1,4698,100,47.738387
2,0x5633,5457,100,47.738387
3,0x5da9,4047,100,47.738387
0,0xc24,3170,100,48.000492
1,0x40a1,4698,100,48.000492
2,0x5633,5457,100,48.000492
3,0x5da9,4047,100,48.000492
0,0xc24,3170,100,48.262544
1,0x40a1,4698,100,48.262544
2,0x5633,5457,100,48.262544
3,0x5da9,4047,100,48.262544
0,0xc24,3170,100,48.524584
1,0x40a1,4698,100,48.524584
2,0x5633,5457,100,48.524584
3,0x5da9,4047,100,48.524584
0,0xc24,3170,100,48.786770
1,0x40a1,4698,100,48.786770
2,0x5633,5457,100,48.786770
3,0x5da9,4047,100,48.786770
0,0xc24,3170,100,49.048893
1,0x40a1,4698,100,49.048893
2,0x5633,5457,100,49.048893
3,0x5da9,4047,100,49.048893
0,0xc24,3170,100,49.311015
1,0x40a1,4698,100,49.311015
2,0x5633,5457,100,49.311015
3,0x5da9,4047,100,49.311015
0,0xc24,3170,100,49.573083
1,0x40a1,4698,100,49.573083
2,0x5633,5457,100,49.573083
3,0x5da9,4047,100,49.573083
0,0xc24,3283,100,49.835162
1,0x40a1,4712,100,49.835162
2,0x5633,5485,100,49.835162
3,0x5da9,4023,100,49.835162
0,0xc24,3283,100,50.097220
1,0x40a1,4712,100,50.097220
2,0x5633,5485,100,50.097220
3,0x5da9,4023,100,50.097220
0,0xc24,3283,100,50.359282
1,0x40a1,4712,100,50.359282
2,0x5633,5485,100,50.359282
3,0x5da9,4023,100,50.359282
0,0xc24,3283,100,50.621409
1,0x40a1,4712,100,50.621409
2,0x5633,5485,100,50.621409
3,0x5da9,4023,100,50.621409
0,0xc24,3283,100,50.883558
1,0x40a1,4712,100,50.883558
2,0x5633,5485,100,50.883558
3,0x5da9,4023,100,50.883558
0,0xc24,3283,100,51.145655
1,0x40a1,4712,100,51.145655
2,0x5633,5485,100,51.145655
3,0x5da9,4023,100,51.145655
0,0xc24,3283,100,51.407695
1,0x40a1,4712,100,51.407695
2,0x5633,5485,100,51.407695
3,0x5da9,4023,100,51.407695
0,0xc24,3283,100,51.669885
1,0x40a1,4712,100,51.669885
2,0x5633,5485,100,51.669885
3,0x5da9,4023,100,51.669885
0,0xc24,3283,100,51.931972
1,0x40a1,4712,100,51.931972
2,0x5633,5485,100,51.931972
3,0x5da9,4023,100,51.931972
0,0xc24,3180,100,52.194051
1,0x40a1,4698,100,52.194051
2,0x5633,5419,100,52.194051
3,0x5da9,4019,100,52.194051
0,0xc24,3180,100,52.456101
1,0x40a1,4698,100,52.456101
2,0x5633,5419,100,52.456101
3,0x5da9,4019,100,52.456101
0,0xc24,3180,100,52.718225
1,0x40a1,4698,100,52.718225
2,0x5633,5419,100,52.718225
3,0x5da9,4019,100,52.718225
0,0xc24,3180,100,52.980380
1,0x40a1,4698,100,52.980380
2,0x5633,5419,100,52.980380
3,0x5da9,4019,100,52.980380
0,0xc24,3180,100,53.245990
1,0x40a1,4698,100,53.245990
2,0x5633,5419,100,53.245990
3,0x5da9,4019,100,53.245990
0,0xc24,3180,100,53.508037
1,0x40a1,4698,100,53.508037
2,0x5633,5419,100,53.508037
3,0x5da9,4019,100,53.508037
0,0xc24,3180,100,53.770151
1,0x40a1,4698,100,53.770151
2,0x5633,5419,100,53.770151
3,0x5da9,4019,100,53.770151
0,0xc24,3180,100,54.032226
1,0x40a1,4698,100,54.032226
2,0x5633,5419,100,54.032226
3,0x5da9,4019,100,54.032226
0,0xc24,3105,100,54.294315
1,0x40a1,4712,100,54.294315
2,0x5633,5438,100,54.294315
3,0x5da9,4061,100,54.294315
0,0xc24,3105,100,54.556390
1,0x40a1,4712,100,54.556390
2,0x5633,5438,100,54.556390
3,0x5da9,4061,100,54.556390
0,0xc24,3105,100,54.818471
1,0x40a1,4712,100,54.818471
2,0x5633,5438,100,54.818471
3,0x5da9,4061,100,54.818471
0,0xc24,3105,100,55.080577
1,0x40a1,4712,100,55.080577
2,0x5633,5438,100,55.080577
3,0x5da9,4061,100,55.080577
0,0xc24,3105,100,55.342660
1,0x40a1,4712,100,55.342660
2,0x5633,5438,100,55.342660
3,0x5da9,4061,100,55.342660
0,0xc24,3105,100,55.604713
1,0x40a1,4712,100,55.604713
2,0x5633,5438,100,55.604713
3,0x5da9,4061,100,55.604713
0,0xc24,3105,100,55.866800
1,0x40a1,4712,100,55.866800
2,0x5633,5438,100,55.866800
3,0x5da9,4061,100,55.866800
0,0xc24,3105,100,56.128898
1,0x40a1,4712,100,56.128898
2,0x5633,5438,100,56.128898
3,0x5da9,4061,100,56.128898
0,0xc24,3105,100,56.391104
1,0x40a1,4712,100,56.391104
2,0x5633,5438,100,56.391104
3,0x5da9,4061,100,56.391104
0,0xc24,3142,100,56.653164
1,0x40a1,4712,100,56.653164
2,0x5633,5429,100,56.653164
3,0x5da9,4019,100,56.653164
0,0xc24,3142,100,56.915258
1,0x40a1,4712,100,56.915258
2,0x5633,5429,100,56.915258
3,0x5da9,4019,100,56.915258
0,0xc24,3142,100,57.177307
1,0x40a1,4712,100,57.177307
2,0x5633,5429,100,57.177307
3,0x5da9,4019,100,57.177307
0,0xc24,3142,100,57.439390
1,0x40a1,4712,100,57.439390
2,0x5633,5429,100,57.439390
3,0x5da9,4019,100,57.439390
0,0xc24,3142,100,57.701501
1,0x40a1,4712,100,57.701501
2,0x5633,5429,100,57.701501
3,0x5da9,4019,100,57.701501
0,0xc24,3142,100,57.963595
1,0x40a1,4712,100,57.963595
2,0x5633,5429,100,57.963595
3,0x5da9,4019,100,57.963595
0,0xc24,3142,100,58.225802
1,0x40a1,4712,100,58.225802
2,0x5633,5429,100,58.225802
3,0x5da9,4019,100,58.225802
0,0xc24,3142,100,58.487862
1,0x40a1,4712,100,58.487862
2,0x5633,5429,100,58.487862
3,0x5da9,4019,100,58.487862
0,0xc24,3180,100,58.750004
1,0x40a1,4694,100,58.750004
2,0x5633,5433,100,58.750004
3,0x5da9,4023,100,58.750004
0,0xc24,3180,100,59.012087
1,0x40a1,4694,100,59.012087
2,0x5633,5433,100,59.012087
3,0x5da9,4023,100,59.012087
0,0xc24,3180,100,59.274161
1,0x40a1,4694,100,59.274161
2,0x5633,5433,100,59.274161
3,0x5da9,4023,100,59.274161
0,0xc24,3180,100,59.536212
1,0x40a1,4694,100,59.536212
2,0x5633,5433,100,59.536212
3,0x5da9,4023,100,59.536212
0,0xc24,3180,100,59.798267
1,0x40a1,4694,100,59.798267
2,0x5633,5433,100,59.798267
3,0x5da9,4023,100,59.798267
0,0xc24,3180,100,60.060495
1,0x40a1,4694,100,60.060495
2,0x5633,5433,100,60.060495
3,0x5da9,4023,100,60.060495
0,0xc24,3180,100,60.322572
1,0x40a1,4694,100,60.322572
2,0x5633,5433,100,60.322572
3,0x5da9,4023,100,60.322572
0,0xc24,3180,100,60.584635
1,0x40a1,4694,100,60.584635
2,0x5633,5433,100,60.584635
3,0x5da9,4023,100,60.584635
0,0xc24,3236,100,60.846712
1,0x40a1,4684,100,60.846712
2,0x5633,5424,100,60.846712
3,0x5da9,4033,100,60.846712
0,0xc24,3236,100,61.108765
1,0x40a1,4684,100,61.108765
2,0x5633,5424,100,61.108765
3,0x5da9,4033,100,61.108765
0,0xc24,3236,100,61.371020
1,0x40a1,4684,100,61.371020
2,0x5633,5424,100,61.371020
3,0x5da9,4033,100,61.371020
0,0xc24,3236,100,61.633087
1,0x40a1,4684,100,61.633087
2,0x5633,5424,100,61.633087
3,0x5da9,4033,100,61.633087
0,0xc24,3236,100,61.895211
1,0x40a1,4684,100,61.895211
2,0x5633,5424,100,61.895211
3,0x5da9,4033,100,61.895211
0,0xc24,3236,100,62.157312
1,0x40a1,4684,100,62.157312
2,0x5633,5424,100,62.157312
3,0x5da9,4033,100,62.157312
0,0xc24,3236,100,62.419396
1,0x40a1,4684,100,62.419396
2,0x5633,5424,100,62.419396
3,0x5da9,4033,100,62.419396
0,0xc24,3236,100,62.681526
1,0x40a1,4684,100,62.681526
2,0x5633,5424,100,62.681526
3,0x5da9,4033,100,62.681526
0,0xc24,3236,100,62.943585
1,0x40a1,4684,100,62.943585
2,0x5633,5424,100,62.943585
3,0x5da9,4033,100,62.943585
0,0xc24,3185,100,63.205676
1,0x40a1,4726,100,63.205676
2,0x5633,5447,100,63.205676
3,0x5da9,4084,100,63.205676
0,0xc24,3185,100,63.467810
1,0x40a1,4726,100,63.467810
2,0x5633,5447,100,63.467810
3,0x5da9,4084,100,63.467810
0,0xc24,3185,100,63.729959
1,0x40a1,4726,100,63.729959
2,0x5633,5447,100,63.729959
3,0x5da9,4084,100,63.729959
0,0xc24,3185,100,63.992029
1,0x40a1,4726,100,63.992029
2,0x5633,5447,100,63.992029
3,0x5da9,4084,100,63.992029
0,0xc24,3185,100,64.254110
1,0x40a1,4726,100,64.254110
2,0x5633,5447,100,64.254110
3,0x5da9,4084,100,64.254110
0,0xc24,3185,100,64.516179
1,0x40a1,4726,100,64.516179
2,0x5633,5447,100,64.516179
3,0x5da9,4084,100,64.516179
0,0xc24,3185,100,64.778303
1,0x40a1,4726,100,64.778303
2,0x5633,5447,100,64.778303
3,0x5da9,4084,100,64.778303
0,0xc24,3185,100,65.040589
1,0x40a1,4726,100,65.040589
2,0x5633,5447,100,65.040589
3,0x5da9,4084,100,65.040589
0,0xc24,3189,100,65.302854
1,0x40a1,4708,100,65.302854
2,0x5633,5499,100,65.302854
3,0x5da9,4084,100,65.302854
0,0xc24,3189,100,65.565163
1,0x40a1,4708,100,65.565163
2,0x5633,5499,100,65.565163
3,0x5da9,4084,100,65.565163
0,0xc24,3189,100,65.827255
1,0x40a1,4708,100,65.827255
2,0x5633,5499,100,65.827255
3,0x5da9,4084,100,65.827255
0,0xc24,3189,100,66.089331
1,0x40a1,4708,100,66.089331
2,0x5633,5499,100,66.089331
3,0x5da9,4084,100,66.089331
0,0xc24,3189,100,66.351494
1,0x40a1,4708,100,66.351494
2,0x5633,5499,100,66.351494
3,0x5da9,4084,100,66.351494
0,0xc24,3189,100,66.613557
1,0x40a1,4708,100,66.613557
2,0x5633,5499,100,66.613557
3,0x5da9,4084,100,66.613557
0,0xc24,3189,100,66.875649
1,0x40a1,4708,100,66.875649
2,0x5633,5499,100,66.875649
3,0x5da9,4084,100,66.875649
0,0xc24,3189,100,67.137737
1,0x40a1,4708,100,67.137737
2,0x5633,5499,100,67.137737
3,0x5da9,4084,100,67.137737
0,0xc24,3189,100,67.399878
1,0x40a1,4708,100,67.399878
2,0x5633,5499,100,67.399878
3,0x5da9,4084,100,67.399878
0,0xc24,3213,100,67.661997
1,0x40a1,4717,100,67.661997
2,0x5633,5452,100,67.661997
3,0x5da9,4070,100,67.661997
0,0xc24,3213,100,67.924057
1,0x40a1,4717,100,67.924057
2,0x5633,5452,100,67.924057
3,0x5da9,4070,100,67.924057
0,0xc24,3213,100,68.186132
1,0x40a1,4717,100,68.186132
2,0x5633,5452,100,68.186132
3,0x5da9,4070,100,68.186132
0,0xc24,3213,100,68.452335
1,0x40a1,4717,100,68.452335
2,0x5633,5452,100,68.452335
3,0x5da9,4070,100,68.452335
0,0xc24,3213,100,68.714400
1,0x40a1,4717,100,68.714400
2,0x5633,5452,100,68.714400
3,0x5da9,4070,100,68.714400
0,0xc24,3213,100,68.976479
1,0x40a1,4717,100,68.976479
2,0x5633,5452,100,68.976479
3,0x5da9,4070,100,68.976479
0,0xc24,3213,100,69.238640
1,0x40a1,4717,100,69.238640
2,0x5633,5452,100,69.238640
3,0x5da9,4070,100,69.238640
0,0xc24,3213,100,69.500771
1,0x40a1,4717,100,69.500771
2,0x5633,5452,100,69.500771
3,0x5da9,4070,100,69.500771
0,0xc24,3133,100,69.762844
1,0x40a1,4694,100,69.762844
2,0x5633,5457,100,69.762844
3,0x5da9,4056,100,69.762844
0,0xc24,3133,100,70.024909
1,0x40a1,4694,100,70.024909
2,0x5633,5457,100,70.024909
3,0x5da9,4056,100,70.024909
0,0xc24,3133,100,70.286998
1,0x40a1,4694,100,70.286998
2,0x5633,5457,100,70.286998
3,0x5da9,4056,100,70.286998
0,0xc24,3133,100,70.549098
1,0x40a1,4694,100,70.549098
2,0x5633,5457,100,70.549098
3,0x5da9,4056,100,70.549098
0,0xc24,3133,100,70.811240
1,0x40a1,4694,100,70.811240
2,0x5633,5457,100,70.811240
3,0x5da9,4056,100,70.811240
0,0xc24,3133,100,71.073488
1,0x40a1,4694,100,71.073488
2,0x5633,5457,100,71.073488
3,0x5da9,4056,100,71.073488
0,0xc24,3133,100,71.335547
1,0x40a1,4694,100,71.335547
2,0x5633,5457,100,71.335547
3,0x5da9,4056,100,71.335547
0,0xc24,3133,100,71.597638
1,0x40a1,4694,100,71.597638
2,0x5633,5457,100,71.597638
3,0x5da9,4056,100,71.597638
0,0xc24,3302,100,71.859761
1,0x40a1,4703,100,71.859761
2,0x5633,5471,100,71.859761
3,0x5da9,4061,100,71.859761
0,0xc24,3302,100,72.121789
1,0x40a1,4703,100,72.121789
2,0x5633,5471,100,72.121789
3,0x5da9,4061,100,72.121789
0,0xc24,3302,100,72.383762
1,0x40a1,4703,100,72.383762
2,0x5633,5471,100,72.383762
3,0x5da9,4061,100,72.383762
0,0xc24,3302,100,72.645743
1,0x40a1,4703,100,72.645743
2,0x5633,5471,100,72.645743
3,0x5da9,4061,100,72.645743
0,0xc24,3302,100,72.907797
1,0x40a1,4703,100,72.907797
2,0x5633,5471,100,72.907797
3,0x5da9,4061,100,72.907797
0,0xc24,3302,100,73.169808
1,0x40a1,4703,100,73.169808
2,0x5633,5471,100,73.169808
3,0x5da9,4061,100,73.169808
0,0xc24,3302,100,73.431881
1,0x40a1,4703,100,73.431881
2,0x5633,5471,100,73.431881
3,0x5da9,4061,100,73.431881
0,0xc24,3302,100,73.693875
1,0x40a1,4703,100,73.693875
2,0x5633,5471,100,73.693875
3,0x5da9,4061,100,73.693875
0,0xc24,3302,100,73.955809
1,0x40a1,4703,100,73.955809
2,0x5633,5471,100,73.955809
3,0x5da9,4061,100,73.955809
0,0xc24,3147,100,74.217818
1,0x40a1,4698,100,74.217818
2,0x5633,5443,100,74.217818
3,0x5da9,4023,100,74.217818
0,0xc24,3147,100,74.479821
1,0x40a1,4698,100,74.479821
2,0x5633,5443,100,74.479821
3,0x5da9,4023,100,74.479821
0,0xc24,3147,100,74.741785
1,0x40a1,4698,100,74.741785
2,0x5633,5443,100,74.741785
3,0x5da9,4023,100,74.741785
0,0xc24,3147,100,75.003763
1,0x40a1,4698,100,75.003763
2,0x5633,5443,100,75.003763
3,0x5da9,4023,100,75.003763
0,0xc24,3147,100,75.265737
1,0x40a1,4698,100,75.265737
2,0x5633,5443,100,75.265737
3,0x5da9,4023,100,75.265737
0,0xc24,3147,100,75.527713
1,0x40a1,4698,100,75.527713
2,0x5633,5443,100,75.527713
3,0x5da9,4023,100,75.527713
0,0xc24,3147,100,75.789772
1,0x40a1,4698,100,75.789772
2,0x5633,5443,100,75.789772
3,0x5da9,4023,100,75.789772
0,0xc24,3147,100,76.051786
1,0x40a1,4698,100,76.051786
2,0x5633,5443,100,76.051786
3,0x5da9,4023,100,76.051786
0,0xc24,3142,100,76.313792
1,0x40a1,4694,100,76.313792
2,0x5633,5433,100,76.313792
3,0x5da9,4009,100,76.313792
0,0xc24,3142,100,76.575802
1,0x40a1,4694,100,76.575802
2,0x5633,5433,100,76.575802
3,0x5da9,4009,100,76.575802
0,0xc24,3142,100,76.837827
1,0x40a1,4694,100,76.837827
2,0x5633,5433,100,76.837827
3,0x5da9,4009,100,76.837827
0,0xc24,3142,100,77.099848
1,0x40a1,4694,100,77.099848
2,0x5633,5433,100,77.099848
3,0x5da9,4009,100,77.099848
0,0xc24,3142,100,77.361796
1,0x40a1,4694,100,77.361796
2,0x5633,5433,100,77.361796
3,0x5da9,4009,100,77.361796
0,0xc24,3142,100,77.623746
1,0x40a1,4694,100,77.623746
2,0x5633,5433,100,77.623746
3,0x5da9,4009,100,77.623746
0,0xc24,3142,100,77.885716
1,0x40a1,4694,100,77.885716
2,0x5633,5433,100,77.885716
3,0x5da9,4009,100,77.885716
0,0xc24,3142,100,78.147703
1,0x40a1,4694,100,78.147703
2,0x5633,5433,100,78.147703
3,0x5da9,4009,100,78.147703
0,0xc24,3142,100,78.409858
1,0x40a1,4694,100,78.409858
2,0x5633,5433,100,78.409858
3,0x5da9,4009,100,78.409858
0,0xc24,3194,100,78.676620
1,0x40a1,4694,100,78.676620
2,0x5633,5457,100,78.676620
3,0x5da9,4070,100,78.676620
0,0xc24,3194,100,78.939062
1,0x40a1,4694,100,78.939062
2,0x5633,5457,100,78.939062
3,0x5da9,4070,100,78.939062
0,0xc24,3194,100,79.201590
1,0x40a1,4694,100,79.201590
2,0x5633,5457,100,79.201590
3,0x5da9,4070,100,79.201590
0,0xc24,3194,100,79.464018
1,0x40a1,4694,100,79.464018
2,0x5633,5457,100,79.464018
3,0x5da9,4070,100,79.464018
0,0xc24,3194,100,79.726413
1,0x40a1,4694,100,79.726413
2,0x5633,5457,100,79.726413
3,0x5da9,4070,100,79.726413
0,0xc24,3194,100,79.988870
1,0x40a1,4694,100,79.988870
2,0x5633,5457,100,79.988870
3,0x5da9,4070,100,79.988870
0,0xc24,3194,100,80.251456
1,0x40a1,4694,100,80.251456
2,0x5633,5457,100,80.251456
3,0x5da9,4070,100,80.251456
0,0xc24,3194,100,80.513840
1,0x40a1,4694,100,80.513840
2,0x5633,5457,100,80.513840
3,0x5da9,4070,100,80.513840
0,0xc24,3236,100,80.776388
1,0x40a1,4708,100,80.776388
2,0x5633,5466,100,80.776388
3,0x5da9,4080,100,80.776388
0,0xc24,3236,100,81.038768
1,0x40a1,4708,100,81.038768
2,0x5633,5466,100,81.038768
3,0x5da9,4080,100,81.038768
0,0xc24,3236,100,81.301320
1,0x40a1,4708,100,81.301320
2,0x5633,5466,100,81.301320
3,0x5da9,4080,100,81.301320
0,0xc24,3236,100,81.563730
1,0x40a1,4708,100,81.563730
2,0x5633,5466,100,81.563730
3,0x5da9,4080,100,81.563730
0,0xc24,3236,100,81.826155
1,0x40a1,4708,100,81.826155
2,0x5633,5466,100,81.826155
3,0x5da9,4080,100,81.826155
0,0xc24,3236,100,82.088687
1,0x40a1,4708,100,82.088687
2,0x5633,5466,100,82.088687
3,0x5da9,4080,100,82.088687
0,0xc24,3236,100,82.351215
1,0x40a1,4708,100,82.351215
2,0x5633,5466,100,82.351215
3,0x5da9,4080,100,82.351215
0,0xc24,3236,100,82.613597
1,0x40a1,4708,100,82.613597
2,0x5633,5466,100,82.613597
3,0x5da9,4080,100,82.613597
0,0xc24,3274,100,82.875998
1,0x40a1,4708,100,82.875998
2,0x5633,5523,100,82.875998
3,0x5da9,4056,100,82.875998
0,0xc24,3274,100,83.138435
1,0x40a1,4708,100,83.138435
2,0x5633,5523,100,83.138435
3,0x5da9,4056,100,83.138435
0,0xc24,3274,100,83.400961
1,0x40a1,4708,100,83.400961
2,0x5633,5523,100,83.400961
3,0x5da9,4056,100,83.400961
0,0xc24,3274,100,83.663344
1,0x40a1,4708,100,83.663344
2,0x5633,5523,100,83.663344
3,0x5da9,4056,100,83.663344
0,0xc24,3274,100,83.925801
1,0x40a1,4708,100,83.925801
2,0x5633,5523,100,83.925801
3,0x5da9,4056,100,83.925801
0,0xc24,3274,100,84.188268
1,0x40a1,4708,100,84.188268
2,0x5633,5523,100,84.188268
3,0x5da9,4056,100,84.188268
0,0xc24,3274,100,84.450780
1,0x40a1,4708,100,84.450780
2,0x5633,5523,100,84.450780
3,0x5da9,4056,100,84.450780
0,0xc24,3274,100,84.713213
1,0x40a1,4708,100,84.713213
2,0x5633,5523,100,84.713213
3,0x5da9,4056,100,84.713213
0,0xc24,3274,100,84.975639
1,0x40a1,4708,100,84.975639
2,0x5633,5523,100,84.975639
3,0x5da9,4056,100,84.975639
0,0xc24,3203,100,85.238077
1,0x40a1,4708,100,85.238077
2,0x5633,5480,100,85.238077
3,0x5da9,4075,100,85.238077
0,0xc24,3203,100,85.500708
1,0x40a1,4708,100,85.500708
2,0x5633,5480,100,85.500708
3,0x5da9,4075,100,85.500708
0,0xc24,3203,100,85.763180
1,0x40a1,4708,100,85.763180
2,0x5633,5480,100,85.763180
3,0x5da9,4075,100,85.763180
0,0xc24,3203,100,86.025594
1,0x40a1,4708,100,86.025594
2,0x5633,5480,100,86.025594
3,0x5da9,4075,100,86.025594
0,0xc24,3203,100,86.288020
1,0x40a1,4708,100,86.288020
2,0x5633,5480,100,86.288020
3,0x5da9,4075,100,86.288020
0,0xc24,3203,100,86.550496
1,0x40a1,4708,100,86.550496
2,0x5633,5480,100,86.550496
3,0x5da9,4075,100,86.550496
0,0xc24,3203,100,86.812941
1,0x40a1,4708,100,86.812941
2,0x5633,5480,100,86.812941
3,0x5da9,4075,100,86.812941
0,0xc24,3203,100,87.075371
1,0x40a1,4708,100,87.075371
2,0x5633,5480,100,87.075371
3,0x5da9,4075,100,87.075371
0,0xc24,3255,100,87.337891
1,0x40a1,4694,100,87.337891
2,0x5633,5490,100,87.337891
3,0x5da9,4038,100,87.337891
0,0xc24,3255,100,87.600396
1,0x40a1,4694,100,87.600396
2,0x5633,5490,100,87.600396
3,0x5da9,4038,100,87.600396
0,0xc24,3255,100,87.862798
1,0x40a1,4694,100,87.862798
2,0x5633,5490,100,87.862798
3,0x5da9,4038,100,87.862798
0,0xc24,3255,100,88.125259
1,0x40a1,4694,100,88.125259
2,0x5633,5490,100,88.125259
3,0x5da9,4038,100,88.125259
0,0xc24,3255,100,88.387689
1,0x40a1,4694,100,88.387689
2,0x5633,5490,100,88.387689
3,0x5da9,4038,100,88.387689
0,0xc24,3255,100,88.650207
1,0x40a1,4694,100,88.650207
2,0x5633,5490,100,88.650207
3,0x5da9,4038,100,88.650207
0,0xc24,3255,100,88.912701
1,0x40a1,4694,100,88.912701
2,0x5633,5490,100,88.912701
3,0x5da9,4038,100,88.912701
0,0xc24,3255,100,89.175194
1,0x40a1,4694,100,89.175194
2,0x5633,5490,100,89.175194
3,0x5da9,4038,100,89.175194
0,0xc24,3274,100,89.437719
1,0x40a1,4689,100,89.437719
2,0x5633,5480,100,89.437719
3,0x5da9,4047,100,89.437719
0,0xc24,3274,100,89.700182
1,0x40a1,4689,100,89.700182
2,0x5633,5480,100,89.700182
3,0x5da9,4047,100,89.700182
0,0xc24,3274,100,89.962578
1,0x40a1,4689,100,89.962578
2,0x5633,5480,100,89.962578
3,0x5da9,4047,100,89.962578
0,0xc24,3274,100,90.225072
1,0x40a1,4689,100,90.225072
2,0x5633,5480,100,90.225072
3,0x5da9,4047,100,90.225072
0,0xc24,3274,100,90.487614
1,0x40a1,4689,100,90.487614
2,0x5633,5480,100,90.487614
3,0x5da9,4047,100,90.487614
0,0xc24,3274,100,90.750103
1,0x40a1,4689,100,90.750103
2,0x5633,5480,100,90.750103
3,0x5da9,4047,100,90.750103
0,0xc24,3274,100,91.012639
1,0x40a1,4689,100,91.012639
2,0x5633,5480,100,91.012639
3,0x5da9,4047,100,91.012639
0,0xc24,3274,100,91.275108
1,0x40a1,4689,100,91.275108
2,0x5633,5480,100,91.275108
3,0x5da9,4047,100,91.275108
0,0xc24,3274,100,91.537544
1,0x40a1,4689,100,91.537544
2,0x5633,5480,100,91.537544
3,0x5da9,4047,100,91.537544
0,0xc24,3208,100,91.800151
1,0x40a1,4698,100,91.800151
2,0x5633,5424,100,91.800151
3,0x5da9,4061,100,91.800151
0,0xc24,3208,100,92.062601
1,0x40a1,4698,100,92.062601
2,0x5633,5424,100,92.062601
3,0x5da9,4061,100,92.062601
0,0xc24,3208,100,92.325082
1,0x40a1,4698,100,92.325082
2,0x5633,5424,100,92.325082
3,0x5da9,4061,100,92.325082
0,0xc24,3208,100,92.587544
1,0x40a1,4698,100,92.587544
2,0x5633,5424,100,92.587544
3,0x5da9,4061,100,92.587544
0,0xc24,3208,100,92.850181
1,0x40a1,4698,100,92.850181
2,0x5633,5424,100,92.850181
3,0x5da9,4061,100,92.850181
0,0xc24,3208,100,93.112624
1,0x40a1,4698,100,93.112624
2,0x5633,5424,100,93.112624
3,0x5da9,4061,100,93.112624
0,0xc24,3208,100,93.375103
1,0x40a1,4698,100,93.375103
2,0x5633,5424,100,93.375103
3,0x5da9,4061,100,93.375103
0,0xc24,3208,100,93.637557
1,0x40a1,4698,100,93.637557
2,0x5633,5424,100,93.637557
3,0x5da9,4061,100,93.637557
0,0xc24,3236,100,93.904708
1,0x40a1,4722,100,93.904708
2,0x5633,5447,100,93.904708
3,0x5da9,4009,100,93.904708
0,0xc24,3236,100,94.167126
1,0x40a1,4722,100,94.167126
2,0x5633,5447,100,94.167126
3,0x5da9,4009,100,94.167126
0,0xc24,3236,100,94.429684
1,0x40a1,4722,100,94.429684
2,0x5633,5447,100,94.429684
3,0x5da9,4009,100,94.429684
0,0xc24,3236,100,94.692236
1,0x40a1,4722,100,94.692236
2,0x5633,5447,100,94.692236
3,0x5da9,4009,100,94.692236
0,0xc24,3236,100,94.954708
1,0x40a1,4722,100,94.954708
2,0x5633,5447,100,94.954708
3,0x5da9,4009,100,94.954708
0,0xc24,3236,100,95.217343
1,0x40a1,4722,100,95.217343
2,0x5633,5447,100,95.217343
3,0x5da9,4009,100,95.217343
0,0xc24,3236,100,95.480036
1,0x40a1,4722,100,95.480036
2,0x5633,5447,100,95.480036
3,0x5da9,4009,100,95.480036
0,0xc24,3236,100,95.742645
1,0x40a1,4722,100,95.742645
2,0x5633,5447,100,95.742645
3,0x5da9,4009,100,95.742645
0,0xc24,3236,100,96.005212
1,0x40a1,4722,100,96.005212
2,0x5633,5447,100,96.005212
3,0x5da9,4009,100,96.005212
0,0xc24,3227,100,96.267824
1,0x40a1,4675,100,96.267824
2,0x5633,5466,100,96.267824
3,0x5da9,4056,100,96.267824
0,0xc24,3227,100,96.530568
1,0x40a1,4675,100,96.530568
2,0x5633,5466,100,96.530568
3,0x5da9,4056,100,96.530568
0,0xc24,3227,100,96.793014
1,0x40a1,4675,100,96.793014
2,0x5633,5466,100,96.793014
3,0x5da9,4056,100,96.793014
0,0xc24,3227,100,97.055515
1,0x40a1,4675,100,97.055515
2,0x5633,5466,100,97.055515
3,0x5da9,4056,100,97.055515
0,0xc24,3227,100,97.318001
1,0x40a1,4675,100,97.318001
2,0x5633,5466,100,97.318001
3,0x5da9,4056,100,97.318001
0,0xc24,3227,100,97.580520
1,0x40a1,4675,100,97.580520
2,0x5633,5466,100,97.580520
3,0x5da9,4056,100,97.580520
0,0xc24,3227,100,97.842986
1,0x40a1,4675,100,97.842986
2,0x5633,5466,100,97.842986
3,0x5da9,4056,100,97.842986
0,0xc24,3227,100,98.105371
1,0x40a1,4675,100,98.105371
2,0x5633,5466,100,98.105371
3,0x5da9,4056,100,98.105371
0,0xc24,3213,100,98.367883
1,0x40a1,4740,100,98.367883
2,0x5633,5532,100,98.367883
3,0x5da9,4047,100,98.367883
0,0xc24,3213,100,98.630345
1,0x40a1,4740,100,98.630345
2,0x5633,5532,100,98.630345
3,0x5da9,4047,100,98.630345
0,0xc24,3213,100,98.897230
1,0x40a1,4740,100,98.897230
2,0x5633,5532,100,98.897230
3,0x5da9,4047,100,98.897230
0,0xc24,3213,100,99.159772
1,0x40a1,4740,100,99.159772
2,0x5633,5532,100,99.159772
3,0x5da9,4047,100,99.159772
0,0xc24,3213,100,99.422244
1,0x40a1,4740,100,99.422244
2,0x5633,5532,100,99.422244
3,0x5da9,4047,100,99.422244
0,0xc24,3213,100,99.684674
1,0x40a1,4740,100,99.684674
2,0x5633,5532,100,99.684674
3,0x5da9,4047,100,99.684674
0,0xc24,3213,100,99.947165
1,0x40a1,4740,100,99.947165
2,0x5633,5532,100,99.947165
3,0x5da9,4047,100,99.947165
0,0xc24,3213,100,100.209833
1,0x40a1,4740,100,100.209833
2,0x5633,5532,100,100.209833
3,0x5da9,4047,100,100.209833
0,0xc24,3185,100,100.472347
1,0x40a1,4689,100,100.472347
2,0x5633,5457,100,100.472347
3,0x5da9,4089,100,100.472347
0,0xc24,3185,100,100.734816
1,0x40a1,4689,100,100.734816
2,0x5633,5457,100,100.734816
3,0x5da9,4089,100,100.734816
0,0xc24,3185,100,100.997301
1,0x40a1,4689,100,100.997301
2,0x5633,5457,100,100.997301
3,0x5da9,4089,100,100.997301
0,0xc24,3185,100,101.259770
1,0x40a1,4689,100,101.259770
2,0x5633,5457,100,101.259770
3,0x5da9,4089,100,101.259770
0,0xc24,3185,100,101.522212
1,0x40a1,4689,100,101.522212
2,0x5633,5457,100,101.522212
3,0x5da9,4089,100,101.522212
0,0xc24,3185,100,101.784689
1,0x40a1,4689,100,101.784689
2,0x5633,5457,100,101.784689
3,0x5da9,4089,100,101.784689
0,0xc24,3185,100,102.047204
1,0x40a1,4689,100,102.047204
2,0x5633,5457,100,102.047204
3,0x5da9,4089,100,102.047204
0,0xc24,3185,100,102.309687
1,0x40a1,4689,100,102.309687
2,0x5633,5457,100,102.309687
3,0x5da9,4089,100,102.309687
0,0xc24,3185,100,102.571723
1,0x40a1,4689,100,102.571723
2,0x5633,5457,100,102.571723
3,0x5da9,4089,100,102.571723
0,0xc24,3217,100,102.833719
1,0x40a1,4726,100,102.833719
2,0x5633,5457,100,102.833719
3,0x5da9,4023,100,102.833719
0,0xc24,3217,100,103.095738
1,0x40a1,4726,100,103.095738
2,0x5633,5457,100,103.095738
3,0x5da9,4023,100,103.095738
0,0xc24,3217,100,103.357782
1,0x40a1,4726,100,103.357782
2,0x5633,5457,100,103.357782
3,0x5da9,4023,100,103.357782
0,0xc24,3217,100,103.619913
1,0x40a1,4726,100,103.619913
2,0x5633,5457,100,103.619913
3,0x5da9,4023,100,103.619913
0,0xc24,3217,100,103.882474
1,0x40a1,4726,100,103.882474
2,0x5633,5457,100,103.882474
3,0x5da9,4023,100,103.882474
0,0xc24,3217,100,104.144914
1,0x40a1,4726,100,104.144914
2,0x5633,5457,100,104.144914
3,0x5da9,4023,100,104.144914
0,0xc24,3217,100,104.407362
1,0x40a1,4726,100,104.407362
2,0x5633,5457,100,104.407362
3,0x5da9,4023,100,104.407362
0,0xc24,3217,100,104.669878
1,0x40a1,4726,100,104.669878
2,0x5633,5457,100,104.669878
3,0x5da9,4023,100,104.669878
0,0xc24,3245,100,104.932340
1,0x40a1,4698,100,104.932340
2,0x5633,5518,100,104.932340
3,0x5da9,4061,100,104.932340
0,0xc24,3245,100,105.194782
1,0x40a1,4698,100,105.194782
2,0x5633,5518,100,105.194782
3,0x5da9,4061,100,105.194782
0,0xc24,3245,100,105.457205
1,0x40a1,4698,100,105.457205
2,0x5633,5518,100,105.457205
3,0x5da9,4061,100,105.457205
0,0xc24,3245,100,105.719256
1,0x40a1,4698,100,105.719256
2,0x5633,5518,100,105.719256
3,0x5da9,4061,100,105.719256
0,0xc24,3245,100,105.981317
1,0x40a1,4698,100,105.981317
2,0x5633,5518,100,105.981317
3,0x5da9,4061,100,105.981317
0,0xc24,3245,100,106.243376
1,0x40a1,4698,100,106.243376
2,0x5633,5518,100,106.243376
3,0x5da9,4061,100,106.243376
0,0xc24,3245,100,106.505365
1,0x40a1,4698,100,106.505365
2,0x5633,5518,100,106.505365
3,0x5da9,4061,100,106.505365
0,0xc24,3245,100,106.767378
1,0x40a1,4698,100,106.767378
2,0x5633,5518,100,106.767378
3,0x5da9,4061,100,106.767378
0,0xc24,3185,100,107.029393
1,0x40a1,4726,100,107.029393
2,0x5633,5508,100,107.029393
3,0x5da9,4075,100,107.029393
0,0xc24,3185,100,107.291969
1,0x40a1,4726,100,107.291969
2,0x5633,5508,100,107.291969
3,0x5da9,4075,100,107.291969
0,0xc24,3185,100,107.554575
1,0x40a1,4726,100,107.554575
2,0x5633,5508,100,107.554575
3,0x5da9,4075,100,107.554575
0,0xc24,3185,100,107.817074
1,0x40a1,4726,100,107.817074
2,0x5633,5508,100,107.817074
3,0x5da9,4075,100,107.817074
0,0xc24,3185,100,108.079687
1,0x40a1,4726,100,108.079687
2,0x5633,5508,100,108.079687
3,0x5da9,4075,100,108.079687
0,0xc24,3185,100,108.342264
1,0x40a1,4726,100,108.342264
2,0x5633,5508,100,108.342264
3,0x5da9,4075,100,108.342264
0,0xc24,3185,100,108.604721
1,0x40a1,4726,100,108.604721
2,0x5633,5508,100,108.604721
3,0x5da9,4075,100,108.604721
0,0xc24,3185,100,108.867367
1,0x40a1,4726,100,108.867367
2,0x5633,5508,100,108.867367
3,0x5da9,4075,100,108.867367
0,0xc24,3185,100,109.129975
1,0x40a1,4726,100,109.129975
2,0x5633,5508,100,109.129975
3,0x5da9,4075,100,109.129975
0,0xc24,3199,100,109.392722
1,0x40a1,4708,100,109.392722
2,0x5633,5490,100,109.392722
3,0x5da9,4075,100,109.392722
0,0xc24,3199,100,109.655176
1,0x40a1,4708,100,109.655176
2,0x5633,5490,100,109.655176
3,0x5da9,4075,100,109.655176
0,0xc24,3199,100,109.917735
1,0x40a1,4708,100,109.917735
2,0x5633,5490,100,109.917735
3,0x5da9,4075,100,109.917735
0,0xc24,3199,100,110.180332
1,0x40a1,4708,100,110.180332
2,0x5633,5490,100,110.180332
3,0x5da9,4075,100,110.180332
0,0xc24,3199,100,110.442886
1,0x40a1,4708,100,110.442886
2,0x5633,5490,100,110.442886
3,0x5da9,4075,100,110.442886
0,0xc24,3199,100,110.705387
1,0x40a1,4708,100,110.705387
2,0x5633,5490,100,110.705387
3,0x5da9,4075,100,110.705387
0,0xc24,3199,100,110.967839
1,0x40a1,4708,100,110.967839
2,0x5633,5490,100,110.967839
3,0x5da9,4075,100,110.967839
0,0xc24,3199,100,111.230449
1,0x40a1,4708,100,111.230449
2,0x5633,5490,100,111.230449
3,0x5da9,4075,100,111.230449
0,0xc24,3217,100,111.493021
1,0x40a1,4708,100,111.493021
2,0x5633,5659,100,111.493021
3,0x5da9,4070,100,111.493021
0,0xc24,3217,100,111.755535
1,0x40a1,4708,100,111.755535
2,0x5633,5659,100,111.755535
3,0x5da9,4070,100,111.755535
0,0xc24,3217,100,112.017990
1,0x40a1,4708,100,112.017990
2,0x5633,5659,100,112.017990
3,0x5da9,4070,100,112.017990
0,0xc24,3217,100,112.280550
1,0x40a1,4708,100,112.280550
2,0x5633,5659,100,112.280550
3,0x5da9,4070,100,112.280550
0,0xc24,3217,100,112.543124
1,0x40a1,4708,100,112.543124
2,0x5633,5659,100,112.543124
3,0x5da9,4070,100,112.543124
0,0xc24,3217,100,112.805632
1,0x40a1,4708,100,112.805632
2,0x5633,5659,100,112.805632
3,0x5da9,4070,100,112.805632
0,0xc24,3217,100,113.068231
1,0x40a1,4708,100,113.068231
2,0x5633,5659,100,113.068231
3,0x5da9,4070,100,113.068231
0,0xc24,3217,100,113.330860
1,0x40a1,4708,100,113.330860
2,0x5633,5659,100,113.330860
3,0x5da9,4070,100,113.330860
0,0xc24,3217,100,113.593405
1,0x40a1,4708,100,113.593405
2,0x5633,5659,100,113.593405
3,0x5da9,4070,100,113.593405
0,0xc24,3274,100,113.855910
1,0x40a1,4708,100,113.855910
2,0x5633,5466,100,113.855910
3,0x5da9,4019,100,113.855910
0,0xc24,3274,100,114.118392
1,0x40a1,4708,100,114.118392
2,0x5633,5466,100,114.118392
3,0x5da9,4019,100,114.118392
0,0xc24,3274,100,114.380961
1,0x40a1,4708,100,114.380961
2,0x5633,5466,100,114.380961
3,0x5da9,4019,100,114.380961
0,0xc24,3274,100,114.643480
1,0x40a1,4708,100,114.643480
2,0x5633,5466,100,114.643480
3,0x5da9,4019,100,114.643480
0,0xc24,3274,100,114.906050
1,0x40a1,4708,100,114.906050
2,0x5633,5466,100,114.906050
3,0x5da9,4019,100,114.906050
0,0xc24,3274,100,115.168566
1,0x40a1,4708,100,115.168566
2,0x5633,5466,100,115.168566
3,0x5da9,4019,100,115.168566
0,0xc24,3274,100,115.431139
1,0x40a1,4708,100,115.431139
2,0x5633,5466,100,115.431139
3,0x5da9,4019,100,115.431139
0,0xc24,3274,100,115.693692
1,0x40a1,4708,100,115.693692
2,0x5633,5466,100,115.693692
3,0x5da9,4019,100,115.693692
0,0xc24,3297,100,115.956241
1,0x40a1,4708,100,115.956241
2,0x5633,5523,100,115.956241
3,0x5da9,4042,100,115.956241
0,0xc24,3297,100,116.218789
1,0x40a1,4708,100,116.218789
2,0x5633,5523,100,116.218789
3,0x5da9,4042,100,116.218789
0,0xc24,3297,100,116.483969
1,0x40a1,4708,100,116.483969
2,0x5633,5523,100,116.483969
3,0x5da9,4042,100,116.483969
0,0xc24,3297,100,116.746496
1,0x40a1,4708,100,116.746496
2,0x5633,5523,100,116.746496
3,0x5da9,4042,100,116.746496
0,0xc24,3297,100,117.008948
1,0x40a1,4708,100,117.008948
2,0x5633,5523,100,117.008948
3,0x5da9,4042,100,117.008948
0,0xc24,3297,100,117.271586
1,0x40a1,4708,100,117.271586
2,0x5633,5523,100,117.271586
3,0x5da9,4042,100,117.271586
0,0xc24,3297,100,117.534117
1,0x40a1,4708,100,117.534117
2,0x5633,5523,100,117.534117
3,0x5da9,4042,100,117.534117
0,0xc24,3297,100,117.796634
1,0x40a1,4708,100,117.796634
2,0x5633,5523,100,117.796634
3,0x5da9,4042,100,117.796634
0,0xc24,3227,100,118.059107
1,0x40a1,4694,100,118.059107
2,0x5633,5602,100,118.059107
3,0x5da9,4066,100,118.059107
0,0xc24,3227,100,118.321742
1,0x40a1,4694,100,118.321742
2,0x5633,5602,100,118.321742
3,0x5da9,4066,100,118.321742
0,0xc24,3227,100,118.584345
1,0x40a1,4694,100,118.584345
2,0x5633,5602,100,118.584345
3,0x5da9,4066,100,118.584345
0,0xc24,3227,100,118.846951
1,0x40a1,4694,100,118.846951
2,0x5633,5602,100,118.846951
3,0x5da9,4066,100,118.846951
0,0xc24,3227,100,119.109543
1,0x40a1,4694,100,119.109543
2,0x5633,5602,100,119.109543
3,0x5da9,4066,100,119.109543
0,0xc24,3227,100,119.372109
1,0x40a1,4694,100,119.372109
2,0x5633,5602,100,119.372109
3,0x5da9,4066,100,119.372109
0,0xc24,3227,100,119.634596
1,0x40a1,4694,100,119.634596
2,0x5633,5602,100,119.634596
3,0x5da9,4066,100,119.634596
0,0xc24,3227,100,119.897136
1,0x40a1,4694,100,119.897136
2,0x5633,5602,100,119.897136
3,0x5da9,4066,100,119.897136
0,0xc24,3227,100,120.159628
1,0x40a1,4694,100,120.159628
2,0x5633,5602,100,120.159628
3,0x5da9,4066,100,120.159628
0,0xc24,3227,100,120.422254
1,0x40a1,4736,100,120.422254
2,0x5633,5429,100,120.422254
3,0x5da9,4038,100,120.422254
0,0xc24,3227,100,120.684766
1,0x40a1,4736,100,120.684766
2,0x5633,5429,100,120.684766
3,0x5da9,4038,100,120.684766
0,0xc24,3227,100,120.947315
1,0x40a1,4736,100,120.947315
2,0x5633,5429,100,120.947315
3,0x5da9,4038,100,120.947315
0,0xc24,3227,100,121.209877
1,0x40a1,4736,100,121.209877
2,0x5633,5429,100,121.209877
3,0x5da9,4038,100,121.209877
0,0xc24,3227,100,121.472392
1,0x40a1,4736,100,121.472392
2,0x5633,5429,100,121.472392
3,0x5da9,4038,100,121.472392
0,0xc24,3227,100,121.734898
1,0x40a1,4736,100,121.734898
2,0x5633,5429,100,121.734898
3,0x5da9,4038,100,121.734898
0,0xc24,3227,100,121.997341
1,0x40a1,4736,100,121.997341
2,0x5633,5429,100,121.997341
3,0x5da9,4038,100,121.997341
0,0xc24,3227,100,122.259932
1,0x40a1,4736,100,122.259932
2,0x5633,5429,100,122.259932
3,0x5da9,4038,100,122.259932
0,0xc24,3231,100,122.522413
1,0x40a1,4712,100,122.522413
2,0x5633,5476,100,122.522413
3,0x5da9,4028,100,122.522413
0,0xc24,3231,100,122.784989
1,0x40a1,4712,100,122.784989
2,0x5633,5476,100,122.784989
3,0x5da9,4028,100,122.784989
0,0xc24,3231,100,123.047494
1,0x40a1,4712,100,123.047494
2,0x5633,5476,100,123.047494
3,0x5da9,4028,100,123.047494
0,0xc24,3231,100,123.310104
1,0x40a1,4712,100,123.310104
2,0x5633,5476,100,123.310104
3,0x5da9,4028,100,123.310104
0,0xc24,3231,100,123.572684
1,0x40a1,4712,100,123.572684
2,0x5633,5476,100,123.572684
3,0x5da9,4028,100,123.572684
0,0xc24,3231,100,123.835309
1,0x40a1,4712,100,123.835309
2,0x5633,5476,100,123.835309
3,0x5da9,4028,100,123.835309
0,0xc24,3231,100,124.097838
1,0x40a1,4712,100,124.097838
2,0x5633,5476,100,124.097838
3,0x5da9,4028,100,124.097838
0,0xc24,3231,100,124.360472
1,0x40a1,4712,100,124.360472
2,0x5633,5476,100,124.360472
3,0x5da9,4028,100,124.360472
0,0xc24,3222,100,124.622935
1,0x40a1,4750,100,124.622935
2,0x5633,5485,100,124.622935
3,0x5da9,4066,100,124.622935
0,0xc24,3222,100,124.885438
1,0x40a1,4750,100,124.885438
2,0x5633,5485,100,124.885438
3,0x5da9,4066,100,124.885438
0,0xc24,3222,100,125.147966
1,0x40a1,4750,100,125.147966
2,0x5633,5485,100,125.147966
3,0x5da9,4066,100,125.147966
0,0xc24,3222,100,125.410680
1,0x40a1,4750,100,125.410680
2,0x5633,5485,100,125.410680
3,0x5da9,4066,100,125.410680
0,0xc24,3222,100,125.673453
1,0x40a1,4750,100,125.673453
2,0x5633,5485,100,125.673453
3,0x5da9,4066,100,125.673453
0,0xc24,3222,100,125.936015
1,0x40a1,4750,100,125.936015
2,0x5633,5485,100,125.936015
3,0x5da9,4066,100,125.936015
0,0xc24,3222,100,126.198546
1,0x40a1,4750,100,126.198546
2,0x5633,5485,100,126.198546
3,0x5da9,4066,100,126.198546
0,0xc24,3222,100,126.461115
1,0x40a1,4750,100,126.461115
2,0x5633,5485,100,126.461115
3,0x5da9,4066,100,126.461115
0,0xc24,3222,100,126.723659
1,0x40a1,4750,100,126.723659
2,0x5633,5485,100,126.723659
3,0x5da9,4066,100,126.723659
0,0xc24,3236,100,126.986234
1,0x40a1,4694,100,126.986234
2,0x5633,5537,100,126.986234
3,0x5da9,4019,100,126.986234
0,0xc24,3236,100,127.248726
1,0x40a1,4694,100,127.248726
2,0x5633,5537,100,127.248726
3,0x5da9,4019,100,127.248726
0,0xc24,3236,100,127.511335
1,0x40a1,4694,100,127.511335
2,0x5633,5537,100,127.511335
3,0x5da9,4019,100,127.511335
0,0xc24,3236,100,127.773856
1,0x40a1,4694,100,127.773856
2,0x5633,5537,100,127.773856
3,0x5da9,4019,100,127.773856
0,0xc24,3236,100,128.036471
1,0x40a1,4694,100,128.036471
2,0x5633,5537,100,128.036471
3,0x5da9,4019,100,128.036471
0,0xc24,3236,100,128.298922
1,0x40a1,4694,100,128.298922
2,0x5633,5537,100,128.298922
3,0x5da9,4019,100,128.298922
0,0xc24,3236,100,128.561526
1,0x40a1,4694,100,128.561526
2,0x5633,5537,100,128.561526
3,0x5da9,4019,100,128.561526
0,0xc24,3236,100,128.823992
1,0x40a1,4694,100,128.823992
2,0x5633,5537,100,128.823992
3,0x5da9,4019,100,128.823992
0,0xc24,3185,100,129.107673
1,0x40a1,4708,100,129.107673
2,0x5633,5494,100,129.107673
3,0x5da9,4042,100,129.107673
0,0xc24,3185,100,129.370326
1,0x40a1,4708,100,129.370326
2,0x5633,5494,100,129.370326
3,0x5da9,4042,100,129.370326
0,0xc24,3185,100,129.632787
1,0x40a1,4708,100,129.632787
2,0x5633,5494,100,129.632787
3,0x5da9,4042,100,129.632787
0,0xc24,3185,100,129.895312
1,0x40a1,4708,100,129.895312
2,0x5633,5494,100,129.895312
3,0x5da9,4042,100,129.895312
0,0xc24,3185,100,130.157840
1,0x40a1,4708,100,130.157840
2,0x5633,5494,100,130.157840
3,0x5da9,4042,100,130.157840
0,0xc24,3185,100,130.420469
1,0x40a1,4708,100,130.420469
2,0x5633,5494,100,130.420469
3,0x5da9,4042,100,130.420469
0,0xc24,3185,100,130.682952
1,0x40a1,4708,100,130.682952
2,0x5633,5494,100,130.682952
3,0x5da9,4042,100,130.682952
0,0xc24,3185,100,130.945509
1,0x40a1,4708,100,130.945509
2,0x5633,5494,100,130.945509
3,0x5da9,4042,100,130.945509
0,0xc24,3185,100,131.208120
1,0x40a1,4708,100,131.208120
2,0x5633,5494,100,131.208120
3,0x5da9,4042,100,131.208120
0,0xc24,3203,100,131.472553
1,0x40a1,4708,100,131.472553
2,0x5633,5499,100,131.472553
3,0x5da9,4023,100,131.472553
0,0xc24,3203,100,131.735111
1,0x40a1,4708,100,131.735111
2,0x5633,5499,100,131.735111
3,0x5da9,4023,100,131.735111
0,0xc24,3203,100,131.997555
1,0x40a1,4708,100,131.997555
2,0x5633,5499,100,131.997555
3,0x5da9,4023,100,131.997555
0,0xc24,3203,100,132.260149
1,0x40a1,4708,100,132.260149
2,0x5633,5499,100,132.260149
3,0x5da9,4023,100,132.260149
0,0xc24,3203,100,132.522627
1,0x40a1,4708,100,132.522627
2,0x5633,5499,100,132.522627
3,0x5da9,4023,100,132.522627
0,0xc24,3203,100,132.785067
1,0x40a1,4708,100,132.785067
2,0x5633,5499,100,132.785067
3,0x5da9,4023,100,132.785067
0,0xc24,3203,100,133.047707
1,0x40a1,4708,100,133.047707
2,0x5633,5499,100,133.047707
3,0x5da9,4023,100,133.047707
0,0xc24,3203,100,133.309837
1,0x40a1,4708,100,133.309837
2,0x5633,5499,100,133.309837
3,0x5da9,4023,100,133.309837
0,0xc24,3203,100,133.571884
1,0x40a1,4717,100,133.571884
2,0x5633,5527,100,133.571884
3,0x5da9,4113,100,133.571884
0,0xc24,3203,100,133.833936
1,0x40a1,4717,100,133.833936
2,0x5633,5527,100,133.833936
3,0x5da9,4113,100,133.833936
0,0xc24,3203,100,134.096011
1,0x40a1,4717,100,134.096011
2,0x5633,5527,100,134.096011
3,0x5da9,4113,100,134.096011
0,0xc24,3203,100,134.358112
1,0x40a1,4717,100,134.358112
2,0x5633,5527,100,134.358112
3,0x5da9,4113,100,134.358112
0,0xc24,3203,100,134.620205
1,0x40a1,4717,100,134.620205
2,0x5633,5527,100,134.620205
3,0x5da9,4113,100,134.620205
0,0xc24,3203,100,134.882322
1,0x40a1,4717,100,134.882322
2,0x5633,5527,100,134.882322
3,0x5da9,4113,100,134.882322
0,0xc24,3203,100,135.144311
1,0x40a1,4717,100,135.144311
2,0x5633,5527,100,135.144311
3,0x5da9,4113,100,135.144311
0,0xc24,3203,100,135.406395
1,0x40a1,4717,100,135.406395
2,0x5633,5527,100,135.406395
3,0x5da9,4113,100,135.406395
0,0xc24,3283,100,135.668399
1,0x40a1,4694,100,135.668399
2,0x5633,5490,100,135.668399
3,0x5da9,4019,100,135.668399
0,0xc24,3283,100,135.930525
1,0x40a1,4694,100,135.930525
2,0x5633,5490,100,135.930525
3,0x5da9,4019,100,135.930525
0,0xc24,3283,100,136.192531
1,0x40a1,4694,100,136.192531
2,0x5633,5490,100,136.192531
3,0x5da9,4019,100,136.192531
0,0xc24,3283,100,136.454586
1,0x40a1,4694,100,136.454586
2,0x5633,5490,100,136.454586
3,0x5da9,4019,100,136.454586
0,0xc24,3283,100,136.716636
1,0x40a1,4694,100,136.716636
2,0x5633,5490,100,136.716636
3,0x5da9,4019,100,136.716636
0,0xc24,3283,100,136.978726
1,0x40a1,4694,100,136.978726
2,0x5633,5490,100,136.978726
3,0x5da9,4019,100,136.978726
0,0xc24,3283,100,137.240930
1,0x40a1,4694,100,137.240930
2,0