0,0xc24,4290,100,2.955368
1,0x40a1,5532,100,2.955368
2,0x5633,4234,100,2.955368
3,0x5da9,2510,100,2.955368
0,0xc24,4290,100,3.217649
1,0x40a1,5513,100,3.217649
2,0x5633,4276,100,3.217649
3,0x5da9,2585,100,3.217649
0,0xc24,4290,100,3.479784
1,0x40a1,5513,100,3.479784
2,0x5633,4276,100,3.479784
3,0x5da9,2585,100,3.479784
0,0xc24,4290,100,3.741882
1,0x40a1,5513,100,3.741882
2,0x5633,4276,100,3.741882
3,0x5da9,2585,100,3.741882
0,0xc24,4290,100,4.004070
1,0x40a1,5513,100,4.004070
2,0x5633,4276,100,4.004070
3,0x5da9,2585,100,4.004070
0,0xc24,4290,100,4.266195
1,0x40a1,5513,100,4.266195
2,0x5633,4276,100,4.266195
3,0x5da9,2585,100,4.266195
0,0xc24,4290,100,4.528469
1,0x40a1,5513,100,4.528469
2,0x5633,4276,100,4.528469
3,0x5da9,2585,100,4.528469
0,0xc24,4290,100,4.790519
1,0x40a1,5513,100,4.790519
2,0x5633,4276,100,4.790519
3,0x5da9,2585,100,4.790519
0,0xc24,4290,100,5.059063
1,0x40a1,5513,100,5.059063
2,0x5633,4276,100,5.059063
3,0x5da9,2585,100,5.059063
0,0xc24,4290,100,5.321990
1,0x40a1,5513,100,5.321990
2,0x5633,4276,100,5.321990
3,0x5da9,2585,100,5.321990
0,0xc24,4309,100,5.584539
1,0x40a1,5537,100,5.584539
2,0x5633,4257,100,5.584539
3,0x5da9,2590,100,5.584539
0,0xc24,4309,100,5.847138
1,0x40a1,5537,100,5.847138
2,0x5633,4257,100,5.847138
3,0x5da9,2590,100,5.847138
0,0xc24,4309,100,6.109800
1,0x40a1,5537,100,6.109800
2,0x5633,4257,100,6.109800
3,0x5da9,2590,100,6.109800
0,0xc24,4309,100,6.372438
1,0x40a1,5537,100,6.372438
2,0x5633,4257,100,6.372438
3,0x5da9,2590,100,6.372438
0,0xc24,4309,100,6.635018
1,0x40a1,5537,100,6.635018
2,0x5633,4257,100,6.635018
3,0x5da9,2590,100,6.635018
0,0xc24,4309,100,6.897686
1,0x40a1,5537,100,6.897686
2,0x5633,4257,100,6.897686
3,0x5da9,2590,100,6.897686
0,0xc24,4309,100,7.160270
1,0x40a1,5537,100,7.160270
2,0x5633,4257,100,7.160270
3,0x5da9,2590,100,7.160270
0,0xc24,4309,100,7.422810
1,0x40a1,5537,100,7.422810
2,0x5633,4257,100,7.422810
3,0x5da9,2590,100,7.422810
0,0xc24,4267,100,7.685190
1,0x40a1,5438,100,7.685190
2,0x5633,4253,100,7.685190
3,0x5da9,2567,100,7.685190
0,0xc24,4267,100,7.947316
1,0x40a1,5438,100,7.947316
2,0x5633,4253,100,7.947316
3,0x5da9,2567,100,7.947316
0,0xc24,4267,100,8.210006
1,0x40a1,5438,100,8.210006
2,0x5633,4253,100,8.210006
3,0x5da9,2567,100,8.210006
0,0xc24,4267,100,8.472683
1,0x40a1,5438,100,8.472683
2,0x5633,4253,100,8.472683
3,0x5da9,2567,100,8.472683
0,0xc24,4267,100,8.735258
1,0x40a1,5438,100,8.735258
2,0x5633,4253,100,8.735258
3,0x5da9,2567,100,8.735258
0,0xc24,4267,100,8.997372
1,0x40a1,5438,100,8.997372
2,0x5633,4253,100,8.997372
3,0x5da9,2567,100,8.997372
0,0xc24,4267,100,9.259589
1,0x40a1,5438,100,9.259589
2,0x5633,4253,100,9.259589
3,0x5da9,2567,100,9.259589
0,0xc24,4267,100,9.521749
1,0x40a1,5438,100,9.521749
2,0x5633,4253,100,9.521749
3,0x5da9,2567,100,9.521749
0,0xc24,4243,100,9.783909
1,0x40a1,5476,100,9.783909
2,0x5633,4290,100,9.783909
3,0x5da9,2553,100,9.783909
0,0xc24,4243,100,10.045982
1,0x40a1,5476,100,10.045982
2,0x5633,4290,100,10.045982
3,0x5da9,2553,100,10.045982
0,0xc24,4243,100,10.308218
1,0x40a1,5476,100,10.308218
2,0x5633,4290,100,10.308218
3,0x5da9,2553,100,10.308218
0,0xc24,4243,100,10.570460
1,0x40a1,5476,100,10.570460
2,0x5633,4290,100,10.570460
3,0x5da9,2553,100,10.570460
0,0xc24,4243,100,10.832953
1,0x40a1,5476,100,10.832953
2,0x5633,4290,100,10.832953
3,0x5da9,2553,100,10.832953
0,0xc24,4243,100,11.095549
1,0x40a1,5476,100,11.095549
2,0x5633,4290,100,11.095549
3,0x5da9,2553,100,11.095549
0,0xc24,4243,100,11.358213
1,0x40a1,5476,100,11.358213
2,0x5633,4290,100,11.358213
3,0x5da9,2553,100,11.358213
0,0xc24,4243,100,11.620936
1,0x40a1,5476,100,11.620936
2,0x5633,4290,100,11.620936
3,0x5da9,2553,100,11.620936
0,0xc24,4243,100,11.883532
1,0x40a1,5476,100,11.883532
2,0x5633,4290,100,11.883532
3,0x5da9,2553,100,11.883532
0,0xc24,4304,100,12.146113
1,0x40a1,5504,100,12.146113
2,0x5633,4234,100,12.146113
3,0x5da9,2534,100,12.146113
0,0xc24,4304,100,12.408758
1,0x40a1,5504,100,12.408758
2,0x5633,4234,100,12.408758
3,0x5da9,2534,100,12.408758
0,0xc24,4304,100,12.671428
1,0x40a1,5504,100,12.671428
2,0x5633,4234,100,12.671428
3,0x5da9,2534,100,12.671428
0,0xc24,4304,100,12.934137
1,0x40a1,5504,100,12.934137
2,0x5633,4234,100,12.934137
3,0x5da9,2534,100,12.934137
0,0xc24,4304,100,13.196723
1,0x40a1,5504,100,13.196723
2,0x5633,4234,100,13.196723
3,0x5da9,2534,100,13.196723
0,0xc24,4304,100,13.459435
1,0x40a1,5504,100,13.459435
2,0x5633,4234,100,13.459435
3,0x5da9,2534,100,13.459435
0,0xc24,4304,100,13.722021
1,0x40a1,5504,100,13.722021
2,0x5633,4234,100,13.722021
3,0x5da9,2534,100,13.722021
0,0xc24,4304,100,13.984637
1,0x40a1,5504,100,13.984637
2,0x5633,4234,100,13.984637
3,0x5da9,2534,100,13.984637
0,0xc24,4295,100,14.247212
1,0x40a1,5490,100,14.247212
2,0x5633,4346,100,14.247212
3,0x5da9,2543,100,14.247212
0,0xc24,4295,100,14.510002
1,0x40a1,5490,100,14.510002
2,0x5633,4346,100,14.510002
3,0x5da9,2543,100,14.510002
0,0xc24,4295,100,14.772711
1,0x40a1,5490,100,14.772711
2,0x5633,4346,100,14.772711
3,0x5da9,2543,100,14.772711
0,0xc24,4295,100,15.035276
1,0x40a1,5490,100,15.035276
2,0x5633,4346,100,15.035276
3,0x5da9,2543,100,15.035276
0,0xc24,4295,100,15.303256
1,0x40a1,5490,100,15.303256
2,0x5633,4346,100,15.303256
3,0x5da9,2543,100,15.303256
0,0xc24,4295,100,15.565962
1,0x40a1,5490,100,15.565962
2,0x5633,4346,100,15.565962
3,0x5da9,2543,100,15.565962
0,0xc24,4295,100,15.828418
1,0x40a1,5490,100,15.828418
2,0x5633,4346,100,15.828418
3,0x5da9,2543,100,15.828418
0,0xc24,4295,100,16.090532
1,0x40a1,5490,100,16.090532
2,0x5633,4346,100,16.090532
3,0x5da9,2543,100,16.090532
0,0xc24,4243,100,16.352749
1,0x40a1,5508,100,16.352749
2,0x5633,4309,100,16.352749
3,0x5da9,2576,100,16.352749
0,0xc24,4243,100,16.614878
1,0x40a1,5508,100,16.614878
2,0x5633,4309,100,16.614878
3,0x5da9,2576,100,16.614878
0,0xc24,4243,100,16.876953
1,0x40a1,5508,100,16.876953
2,0x5633,4309,100,16.876953
3,0x5da9,2576,100,16.876953
0,0xc24,4243,100,17.139193
1,0x40a1,5508,100,17.139193
2,0x5633,4309,100,17.139193
3,0x5da9,2576,100,17.139193
0,0xc24,4243,100,17.402008
1,0x40a1,5508,100,17.402008
2,0x5633,4309,100,17.402008
3,0x5da9,2576,100,17.402008
0,0xc24,4243,100,17.664666
1,0x40a1,5508,100,17.664666
2,0x5633,4309,100,17.664666
3,0x5da9,2576,100,17.664666
0,0xc24,4243,100,17.927279
1,0x40a1,5508,100,17.927279
2,0x5633,4309,100,17.927279
3,0x5da9,2576,100,17.927279
0,0xc24,4243,100,18.190064
1,0x40a1,5508,100,18.190064
2,0x5633,4309,100,18.190064
3,0x5da9,2576,100,18.190064
0,0xc24,4243,100,18.452672
1,0x40a1,5508,100,18.452672
2,0x5633,4309,100,18.452672
3,0x5da9,2576,100,18.452672
0,0xc24,4286,100,18.715246
1,0x40a1,5480,100,18.715246
2,0x5633,4262,100,18.715246
3,0x5da9,2548,100,18.715246
0,0xc24,4286,100,18.977976
1,0x40a1,5480,100,18.977976
2,0x5633,4262,100,18.977976
3,0x5da9,2548,100,18.977976
0,0xc24,4286,100,19.240653
1,0x40a1,5480,100,19.240653
2,0x5633,4262,100,19.240653
3,0x5da9,2548,100,19.240653
0,0xc24,4286,100,19.503316
1,0x40a1,5480,100,19.503316
2,0x5633,4262,100,19.503316
3,0x5da9,2548,100,19.503316
0,0xc24,4286,100,19.765817
1,0x40a1,5480,100,19.765817
2,0x5633,4262,100,19.765817
3,0x5da9,2548,100,19.765817
0,0xc24,4286,100,20.028525
1,0x40a1,5480,100,20.028525
2,0x5633,4262,100,20.028525
3,0x5da9,2548,100,20.028525
0,0xc24,4286,100,20.296791
1,0x40a1,5480,100,20.296791
2,0x5633,4262,100,20.296791
3,0x5da9,2548,100,20.296791
0,0xc24,4286,100,20.559547
1,0x40a1,5480,100,20.559547
2,0x5633,4262,100,20.559547
3,0x5da9,2548,100,20.559547
0,0xc24,4304,100,20.822033
1,0x40a1,5504,100,20.822033
2,0x5633,4229,100,20.822033
3,0x5da9,2529,100,20.822033
0,0xc24,4304,100,21.084095
1,0x40a1,5504,100,21.084095
2,0x5633,4229,100,21.084095
3,0x5da9,2529,100,21.084095
0,0xc24,4304,100,21.346163
1,0x40a1,5504,100,21.346163
2,0x5633,4229,100,21.346163
3,0x5da9,2529,100,21.346163
0,0xc24,4304,100,21.608471
1,0x40a1,5504,100,21.608471
2,0x5633,4229,100,21.608471
3,0x5da9,2529,100,21.608471
0,0xc24,4304,100,21.871139
1,0x40a1,5504,100,21.871139
2,0x5633,4229,100,21.871139
3,0x5da9,2529,100,21.871139
0,0xc24,4304,100,22.133829
1,0x40a1,5504,100,22.133829
2,0x5633,4229,100,22.133829
3,0x5da9,2529,100,22.133829
0,0xc24,4304,100,22.396540
1,0x40a1,5504,100,22.396540
2,0x5633,4229,100,22.396540
3,0x5da9,2529,100,22.396540
0,0xc24,4304,100,22.659329
1,0x40a1,5504,100,22.659329
2,0x5633,4229,100,22.659329
3,0x5da9,2529,100,22.659329
0,0xc24,4304,100,22.921996
1,0x40a1,5504,100,22.921996
2,0x5633,4229,100,22.921996
3,0x5da9,2529,100,22.921996
0,0xc24,4257,100,23.184644
1,0x40a1,5523,100,23.184644
2,0x5633,4304,100,23.184644
3,0x5da9,2538,100,23.184644
0,0xc24,4257,100,23.447190
1,0x40a1,5523,100,23.447190
2,0x5633,4304,100,23.447190
3,0x5da9,2538,100,23.447190
0,0xc24,4257,100,23.709858
1,0x40a1,5523,100,23.709858
2,0x5633,4304,100,23.709858
3,0x5da9,2538,100,23.709858
0,0xc24,4257,100,23.972502
1,0x40a1,5523,100,23.972502
2,0x5633,4304,100,23.972502
3,0x5da9,2538,100,23.972502
0,0xc24,4257,100,24.235077
1,0x40a1,5523,100,24.235077
2,0x5633,4304,100,24.235077
3,0x5da9,2538,100,24.235077
0,0xc24,4257,100,24.497739
1,0x40a1,5523,100,24.497739
2,0x5633,4304,100,24.497739
3,0x5da9,2538,100,24.497739
0,0xc24,4257,100,24.760392
1,0x40a1,5523,100,24.760392
2,0x5633,4304,100,24.760392
3,0x5da9,2538,100,24.760392
0,0xc24,4257,100,25.023107
1,0x40a1,5523,100,25.023107
2,0x5633,4304,100,25.023107
3,0x5da9,2538,100,25.023107
0,0xc24,4267,100,25.291439
1,0x40a1,5523,100,25.291439
2,0x5633,4253,100,25.291439
3,0x5da9,2581,100,25.291439
0,0xc24,4267,100,25.554075
1,0x40a1,5523,100,25.554075
2,0x5633,4253,100,25.554075
3,0x5da9,2581,100,25.554075
0,0xc24,4267,100,25.816709
1,0x40a1,5523,100,25.816709
2,0x5633,4253,100,25.816709
3,0x5da9,2581,100,25.816709
0,0xc24,4267,100,26.078952
1,0x40a1,5523,100,26.078952
2,0x5633,4253,100,26.078952
3,0x5da9,2581,100,26.078952
0,0xc24,4267,100,26.341133
1,0x40a1,5523,100,26.341133
2,0x5633,4253,100,26.341133
3,0x5da9,2581,100,26.341133
0,0xc24,4267,100,26.603318
1,0x40a1,5523,100,26.603318
2,0x5633,4253,100,26.603318
3,0x5da9,2581,100,26.603318
0,0xc24,4267,100,26.865503
1,0x40a1,5523,100,26.865503
2,0x5633,4253,100,26.865503
3,0x5da9,2581,100,26.865503
0,0xc24,4267,100,27.127751
1,0x40a1,5523,100,27.127751
2,0x5633,4253,100,27.127751
3,0x5da9,2581,100,27.127751
0,0xc24,4290,100,27.389948
1,0x40a1,5532,100,27.389948
2,0x5633,4304,100,27.389948
3,0x5da9,2557,100,27.389948
0,0xc24,4290,100,27.652145
1,0x40a1,5532,100,27.652145
2,0x5633,4304,100,27.652145
3,0x5da9,2557,100,27.652145
0,0xc24,4290,100,27.914277
1,0x40a1,5532,100,27.914277
2,0x5633,4304,100,27.914277
3,0x5da9,2557,100,27.914277
0,0xc24,4290,100,28.176497
1,0x40a1,5532,100,28.176497
2,0x5633,4304,100,28.176497
3,0x5da9,2557,100,28.176497
0,0xc24,4290,100,28.438719
1,0x40a1,5532,100,28.438719
2,0x5633,4304,100,28.438719
3,0x5da9,2557,100,28.438719
0,0xc24,4290,100,28.700865
1,0x40a1,5532,100,28.700865
2,0x5633,4304,100,28.700865
3,0x5da9,2557,100,28.700865
0,0xc24,4290,100,28.963017
1,0x40a1,5532,100,28.963017
2,0x5633,4304,100,28.963017
3,0x5da9,2557,100,28.963017
0,0xc24,4290,100,29.225271
1,0x40a1,5532,100,29.225271
2,0x5633,4304,100,29.225271
3,0x5da9,2557,100,29.225271
0,0xc24,4290,100,29.487445
1,0x40a1,5532,100,29.487445
2,0x5633,4304,100,29.487445
3,0x5da9,2557,100,29.487445
0,0xc24,4290,100,29.749677
1,0x40a1,5476,100,29.749677
2,0x5633,4276,100,29.749677
3,0x5da9,2590,100,29.749677
0,0xc24,4290,100,30.011850
1,0x40a1,5476,100,30.011850
2,0x5633,4276,100,30.011850
3,0x5da9,2590,100,30.011850
0,0xc24,4290,100,30.279320
1,0x40a1,5476,100,30.279320
2,0x5633,4276,100,30.279320
3,0x5da9,2590,100,30.279320
0,0xc24,4290,100,30.541526
1,0x40a1,5476,100,30.541526
2,0x5633,4276,100,30.541526
3,0x5da9,2590,100,30.541526
0,0xc24,4290,100,30.803738
1,0x40a1,5476,100,30.803738
2,0x5633,4276,100,30.803738
3,0x5da9,2590,100,30.803738
0,0xc24,4290,100,31.066000
1,0x40a1,5476,100,31.066000
2,0x5633,4276,100,31.066000
3,0x5da9,2590,100,31.066000
0,0xc24,4290,100,31.328214
1,0x40a1,5476,100,31.328214
2,0x5633,4276,100,31.328214
3,0x5da9,2590,100,31.328214
0,0xc24,4290,100,31.590384
1,0x40a1,5476,100,31.590384
2,0x5633,4276,100,31.590384
3,0x5da9,2590,100,31.590384
0,0xc24,4257,100,31.852497
1,0x40a1,5433,100,31.852497
2,0x5633,4309,100,31.852497
3,0x5da9,2520,100,31.852497
0,0xc24,4257,100,32.114706
1,0x40a1,5433,100,32.114706
2,0x5633,4309,100,32.114706
3,0x5da9,2520,100,32.114706
0,0xc24,4257,100,32.376959
1,0x40a1,5433,100,32.376959
2,0x5633,4309,100,32.376959
3,0x5da9,2520,100,32.376959
0,0xc24,4257,100,32.639214
1,0x40a1,5433,100,32.639214
2,0x5633,4309,100,32.639214
3,0x5da9,2520,100,32.639214
0,0xc24,4257,100,32.901371
1,0x40a1,5433,100,32.901371
2,0x5633,4309,100,32.901371
3,0x5da9,2520,100,32.901371
0,0xc24,4257,100,33.163527
1,0x40a1,5433,100,33.163527
2,0x5633,4309,100,33.163527
3,0x5da9,2520,100,33.163527
0,0xc24,4257,100,33.425668
1,0x40a1,5433,100,33.425668
2,0x5633,4309,100,33.425668
3,0x5da9,2520,100,33.425668
0,0xc24,4257,100,33.688200
1,0x40a1,5433,100,33.688200
2,0x5633,4309,100,33.688200
3,0x5da9,2520,100,33.688200
0,0xc24,4239,100,33.950300
1,0x40a1,5551,100,33.950300
2,0x5633,4323,100,33.950300
3,0x5da9,2581,100,33.950300
0,0xc24,4239,100,34.212504
1,0x40a1,5551,100,34.212504
2,0x5633,4323,100,34.212504
3,0x5da9,2581,100,34.212504
0,0xc24,4239,100,34.474666
1,0x40a1,5551,100,34.474666
2,0x5633,4323,100,34.474666
3,0x5da9,2581,100,34.474666
0,0xc24,4239,100,34.736759
1,0x40a1,5551,100,34.736759
2,0x5633,4323,100,34.736759
3,0x5da9,2581,100,34.736759
0,0xc24,4239,100,34.999117
1,0x40a1,5551,100,34.999117
2,0x5633,4323,100,34.999117
3,0x5da9,2581,100,34.999117
0,0xc24,4239,100,35.268204
1,0x40a1,5551,100,35.268204
2,0x5633,4323,100,35.268204
3,0x5da9,2581,100,35.268204
0,0xc24,4239,100,35.530857
1,0x40a1,5551,100,35.530857
2,0x5633,4323,100,35.530857
3,0x5da9,2581,100,35.530857
0,0xc24,4239,100,35.793473
1,0x40a1,5551,100,35.793473
2,0x5633,4323,100,35.793473
3,0x5da9,2581,100,35.793473
0,0xc24,4239,100,36.056041
1,0x40a1,5551,100,36.056041
2,0x5633,4323,100,36.056041
3,0x5da9,2581,100,36.056041
0,0xc24,4262,100,36.321416
1,0x40a1,5494,100,36.321416
2,0x5633,4253,100,36.321416
3,0x5da9,2548,100,36.321416
0,0xc24,4262,100,36.583999
1,0x40a1,5494,100,36.583999
2,0x5633,4253,100,36.583999
3,0x5da9,2548,100,36.583999
0,0xc24,4262,100,36.846644
1,0x40a1,5494,100,36.846644
2,0x5633,4253,100,36.846644
3,0x5da9,2548,100,36.846644
0,0xc24,4262,100,37.109315
1,0x40a1,5494,100,37.109315
2,0x5633,4253,100,37.109315
3,0x5da9,2548,100,37.109315
0,0xc24,4262,100,37.371959
1,0x40a1,5494,100,37.371959
2,0x5633,4253,100,37.371959
3,0x5da9,2548,100,37.371959
0,0xc24,4262,100,37.634526
1,0x40a1,5494,100,37.634526
2,0x5633,4253,100,37.634526
3,0x5da9,2548,100,37.634526
0,0xc24,4262,100,37.897131
1,0x40a1,5494,100,37.897131
2,0x5633,4253,100,37.897131
3,0x5da9,2548,100,37.897131
0,0xc24,4262,100,38.159967
1,0x40a1,5494,100,38.159967
2,0x5633,4253,100,38.159967
3,0x5da9,2548,100,38.159967
0,0xc24,4281,100,38.422634
1,0x40a1,5466,100,38.422634
2,0x5633,4225,100,38.422634
3,0x5da9,2548,100,38.422634
0,0xc24,4281,100,38.685159
1,0x40a1,5466,100,38.685159
2,0x5633,4225,100,38.685159
3,0x5da9,2548,100,38.685159
0,0xc24,4281,100,38.947986
1,0x40a1,5466,100,38.947986
2,0x5633,4225,100,38.947986
3,0x5da9,2548,100,38.947986
0,0xc24,4281,100,39.210647
1,0x40a1,5466,100,39.210647
2,0x5633,4225,100,39.210647
3,0x5da9,2548,100,39.210647
0,0xc24,4281,100,39.473219
1,0x40a1,5466,100,39.473219
2,0x5633,4225,100,39.473219
3,0x5da9,2548,100,39.473219
0,0xc24,4281,100,39.735832
1,0x40a1,5466,100,39.735832
2,0x5633,4225,100,39.735832
3,0x5da9,2548,100,39.735832
0,0xc24,4281,100,39.998647
1,0x40a1,5466,100,39.998647
2,0x5633,4225,100,39.998647
3,0x5da9,2548,100,39.998647
0,0xc24,4281,100,40.266760
1,0x40a1,5466,100,40.266760
2,0x5633,4225,100,40.266760
3,0x5da9,2548,100,40.266760
0,0xc24,4281,100,40.529648
1,0x40a1,5466,100,40.529648
2,0x5633,4225,100,40.529648
3,0x5da9,2548,100,40.529648
0,0xc24,4271,100,40.792338
1,0x40a1,5508,100,40.792338
2,0x5633,4286,100,40.792338
3,0x5da9,2567,100,40.792338
0,0xc24,4271,100,41.055059
1,0x40a1,5508,100,41.055059
2,0x5633,4286,100,41.055059
3,0x5da9,2567,100,41.055059
0,0xc24,4271,100,41.317805
1,0x40a1,5508,100,41.317805
2,0x5633,4286,100,41.317805
3,0x5da9,2567,100,41.317805
0,0xc24,4271,100,41.580335
1,0x40a1,5508,100,41.580335
2,0x5633,4286,100,41.580335
3,0x5da9,2567,100,41.580335
0,0xc24,4271,100,41.843030
1,0x40a1,5508,100,41.843030
2,0x5633,4286,100,41.843030
3,0x5da9,2567,100,41.843030
0,0xc24,4271,100,42.105777
1,0x40a1,5508,100,42.105777
2,0x5633,4286,100,42.105777
3,0x5da9,2567,100,42.105777
0,0xc24,4271,100,42.368503
1,0x40a1,5508,100,42.368503
2,0x5633,4286,100,42.368503
3,0x5da9,2567,100,42.368503
0,0xc24,4271,100,42.631074
1,0x40a1,5508,100,42.631074
2,0x5633,4286,100,42.631074
3,0x5da9,2567,100,42.631074
0,0xc24,4243,100,42.893664
1,0x40a1,5508,100,42.893664
2,0x5633,4318,100,42.893664
3,0x5da9,2548,100,42.893664
0,0xc24,4243,100,43.156278
1,0x40a1,5508,100,43.156278
2,0x5633,4318,100,43.156278
3,0x5da9,2548,100,43.156278
0,0xc24,4243,100,43.419059
1,0x40a1,5508,100,43.419059
2,0x5633,4318,100,43.419059
3,0x5da9,2548,100,43.419059
0,0xc24,4243,100,43.681759
1,0x40a1,5508,100,43.681759
2,0x5633,4318,100,43.681759
3,0x5da9,2548,100,43.681759
0,0xc24,4243,100,43.944376
1,0x40a1,5508,100,43.944376
2,0x5633,4318,100,43.944376
3,0x5da9,2548,100,43.944376
0,0xc24,4243,100,44.206970
1,0x40a1,5508,100,44.206970
2,0x5633,4318,100,44.206970
3,0x5da9,2548,100,44.206970
0,0xc24,4243,100,44.469658
1,0x40a1,5508,100,44.469658
2,0x5633,4318,100,44.469658
3,0x5da9,2548,100,44.469658
0,0xc24,4243,100,44.732229
1,0x40a1,5508,100,44.732229
2,0x5633,4318,100,44.732229
3,0x5da9,2548,100,44.732229
0,0xc24,4262,100,44.995151
1,0x40a1,5513,100,44.995151
2,0x5633,4323,100,44.995151
3,0x5da9,2548,100,44.995151
0,0xc24,4262,100,45.264387
1,0x40a1,5513,100,45.264387
2,0x5633,4323,100,45.264387
3,0x5da9,2548,100,45.264387
0,0xc24,4262,100,45.527189
1,0x40a1,5513,100,45.527189
2,0x5633,4323,100,45.527189
3,0x5da9,2548,100,45.527189
0,0xc24,4262,100,45.789843
1,0x40a1,5513,100,45.789843
2,0x5633,4323,100,45.789843
3,0x5da9,2548,100,45.789843
0,0xc24,4262,100,46.052439
1,0x40a1,5513,100,46.052439
2,0x5633,4323,100,46.052439
3,0x5da9,2548,100,46.052439
0,0xc24,4262,100,46.315028
1,0x40a1,5513,100,46.315028
2,0x5633,4323,100,46.315028
3,0x5da9,2548,100,46.315028
0,0xc24,4262,100,46.577692
1,0x40a1,5513,100,46.577692
2,0x5633,4323,100,46.577692
3,0x5da9,2548,100,46.577692
0,0xc24,4262,100,46.840330
1,0x40a1,5513,100,46.840330
2,0x5633,4323,100,46.840330
3,0x5da9,2548,100,46.840330
0,0xc24,4262,100,47.102960
1,0x40a1,5513,100,47.102960
2,0x5633,4323,100,47.102960
3,0x5da9,2548,100,47.102960
0,0xc24,4243,100,47.365585
1,0x40a1,5476,100,47.365585
2,0x5633,4276,100,47.365585
3,0x5da9,2529,100,47.365585
0,0xc24,4243,100,47.628201
1,0x40a1,5476,100,47.628201
2,0x5633,4276,100,47.628201
3,0x5da9,2529,100,47.628201
0,0xc24,4243,100,47.890849
1,0x40a1,5476,100,47.890849
2,0x5633,4276,100,47.890849
3,0x5da9,2529,100,47.890849
0,0xc24,4243,100,48.153436
1,0x40a1,5476,100,48.153436
2,0x5633,4276,100,48.153436
3,0x5da9,2529,100,48.153436
0,0xc24,4243,100,48.416086
1,0x40a1,5476,100,48.416086
2,0x5633,4276,100,48.416086
3,0x5da9,2529,100,48.416086
0,0xc24,4243,100,48.678576
1,0x40a1,5476,100,48.678576
2,0x5633,4276,100,48.678576
3,0x5da9,2529,100,48.678576
0,0xc24,4243,100,48.940753
1,0x40a1,5476,100,48.940753
2,0x5633,4276,100,48.940753
3,0x5da9,2529,100,48.940753
0,0xc24,4243,100,49.202952
1,0x40a1,5476,100,49.202952
2,0x5633,4276,100,49.202952
3,0x5da9,2529,100,49.202952
0,0xc24,4281,100,49.465013
1,0x40a1,5508,100,49.465013
2,0x5633,4295,100,49.465013
3,0x5da9,2557,100,49.465013
0,0xc24,4281,100,49.727125
1,0x40a1,5508,100,49.727125
2,0x5633,4295,100,49.727125
3,0x5da9,2557,100,49.727125
0,0xc24,4281,100,49.989404
1,0x40a1,5508,100,49.989404
2,0x5633,4295,100,49.989404
3,0x5da9,2557,100,49.989404
0,0xc24,4281,100,50.251495
1,0x40a1,5508,100,50.251495
2,0x5633,4295,100,50.251495
3,0x5da9,2557,100,50.251495
0,0xc24,4281,100,50.513649
1,0x40a1,5508,100,50.513649
2,0x5633,4295,100,50.513649
3,0x5da9,2557,100,50.513649
0,0xc24,4281,100,50.775776
1,0x40a1,5508,100,50.775776
2,0x5633,4295,100,50.775776
3,0x5da9,2557,100,50.775776
0,0xc24,4281,100,51.037971
1,0x40a1,5508,100,51.037971
2,0x5633,4295,100,51.037971
3,0x5da9,2557,100,51.037971
0,0xc24,4281,100,51.300073
1,0x40a1,5508,100,51.300073
2,0x5633,4295,100,51.300073
3,0x5da9,2557,100,51.300073
0,0xc24,4262,100,51.562178
1,0x40a1,5518,100,51.562178
2,0x5633,4234,100,51.562178
3,0x5da9,2557,100,51.562178
0,0xc24,4262,100,51.824525
1,0x40a1,5518,100,51.824525
2,0x5633,4234,100,51.824525
3,0x5da9,2557,100,51.824525
0,0xc24,4262,100,52.086742
1,0x40a1,5518,100,52.086742
2,0x5633,4234,100,52.086742
3,0x5da9,2557,100,52.086742
0,0xc24,4262,100,52.348935
1,0x40a1,5518,100,52.348935
2,0x5633,4234,100,52.348935
3,0x5da9,2557,100,52.348935
0,0xc24,4262,100,52.611672
1,0x40a1,5518,100,52.611672
2,0x5633,4234,100,52.611672
3,0x5da9,2557,100,52.611672
0,0xc24,4262,100,52.874196
1,0x40a1,5518,100,52.874196
2,0x5633,4234,100,52.874196
3,0x5da9,2557,100,52.874196
0,0xc24,4262,100,53.136852
1,0x40a1,5518,100,53.136852
2,0x5633,4234,100,53.136852
3,0x5da9,2557,100,53.136852
0,0xc24,4262,100,53.399548
1,0x40a1,5518,100,53.399548
2,0x5633,4234,100,53.399548
3,0x5da9,2557,100,53.399548
0,0xc24,4262,100,53.662112
1,0x40a1,5518,100,53.662112
2,0x5633,4234,100,53.662112
3,0x5da9,2557,100,53.662112
0,0xc24,4271,100,53.924813
1,0x40a1,5551,100,53.924813
2,0x5633,4300,100,53.924813
3,0x5da9,2553,100,53.924813
0,0xc24,4271,100,54.187475
1,0x40a1,5551,100,54.187475
2,0x5633,4300,100,54.187475
3,0x5da9,2553,100,54.187475
0,0xc24,4271,100,54.450237
1,0x40a1,5551,100,54.450237
2,0x5633,4300,100,54.450237
3,0x5da9,2553,100,54.450237
0,0xc24,4271,100,54.712883
1,0x40a1,5551,100,54.712883
2,0x5633,4300,100,54.712883
3,0x5da9,2553,100,54.712883
0,0xc24,4271,100,54.975465
1,0x40a1,5551,100,54.975465
2,0x5633,4300,100,54.975465
3,0x5da9,2553,100,54.975465
0,0xc24,4271,100,55.238180
1,0x40a1,5551,100,55.238180
2,0x5633,4300,100,55.238180
3,0x5da9,2553,100,55.238180
0,0xc24,4271,100,55.505539
1,0x40a1,5551,100,55.505539
2,0x5633,4300,100,55.505539
3,0x5da9,2553,100,55.505539
0,0xc24,4271,100,55.768184
1,0x40a1,5551,100,55.768184
2,0x5633,4300,100,55.768184
3,0x5da9,2553,100,55.768184
0,0xc24,4243,100,56.030780
1,0x40a1,5513,100,56.030780
2,0x5633,4281,100,56.030780
3,0x5da9,2581,100,56.030780
0,0xc24,4243,100,56.293000
1,0x40a1,5513,100,56.293000
2,0x5633,4281,100,56.293000
3,0x5da9,2581,100,56.293000
0,0xc24,4243,100,56.555154
1,0x40a1,5513,100,56.555154
2,0x5633,4281,100,56.555154
3,0x5da9,2581,100,56.555154
0,0xc24,4243,100,56.817250
1,0x40a1,5513,100,56.817250
2,0x5633,4281,100,56.817250
3,0x5da9,2581,100,56.817250
0,0xc24,4243,100,57.079471
1,0x40a1,5513,100,57.079471
2,0x5633,4281,100,57.079471
3,0x5da9,2581,100,57.079471
0,0xc24,4243,100,57.341587
1,0x40a1,5513,100,57.341587
2,0x5633,4281,100,57.341587
3,0x5da9,2581,100,57.341587
0,0xc24,4243,100,57.603839
1,0x40a1,5513,100,57.603839
2,0x5633,4281,100,57.603839
3,0x5da9,2581,100,57.603839
0,0xc24,4243,100,57.866382
1,0x40a1,5513,100,57.866382
2,0x5633,4281,100,57.866382
3,0x5da9,2581,100,57.866382
0,0xc24,4243,100,58.129172
1,0x40a1,5513,100,58.129172
2,0x5633,4281,100,58.129172
3,0x5da9,2581,100,58.129172
0,0xc24,4300,100,58.391908
1,0x40a1,5438,100,58.391908
2,0x5633,4286,100,58.391908
3,0x5da9,2567,100,58.391908
0,0xc24,4300,100,58.654492
1,0x40a1,5438,100,58.654492
2,0x5633,4286,100,58.654492
3,0x5da9,2567,100,58.654492
0,0xc24,4300,100,58.917064
1,0x40a1,5438,100,58.917064
2,0x5633,4286,100,58.917064
3,0x5da9,2567,100,58.917064
0,0xc24,4300,100,59.179709
1,0x40a1,5438,100,59.179709
2,0x5633,4286,100,59.179709
3,0x5da9,2567,100,59.179709
0,0xc24,4300,100,59.442348
1,0x40a1,5438,100,59.442348
2,0x5633,4286,100,59.442348
3,0x5da9,2567,100,59.442348
0,0xc24,4300,100,59.704956
1,0x40a1,5438,100,59.704956
2,0x5633,4286,100,59.704956
3,0x5da9,2567,100,59.704956
0,0xc24,4300,100,59.967797
1,0x40a1,5438,100,59.967797
2,0x5633,4286,100,59.967797
3,0x5da9,2567,100,59.967797
0,0xc24,4300,100,60.230010
1,0x40a1,5438,100,60.230010
2,0x5633,4286,100,60.230010
3,0x5da9,2567,100,60.230010
0,0xc24,4286,100,60.496658
1,0x40a1,5494,100,60.496658
2,0x5633,4281,100,60.496658
3,0x5da9,2571,100,60.496658
0,0xc24,4286,100,60.759017
1,0x40a1,5494,100,60.759017
2,0x5633,4281,100,60.759017
3,0x5da9,2571,100,60.759017
0,0xc24,4286,100,61.021593
1,0x40a1,5494,100,61.021593
2,0x5633,4281,100,61.021593
3,0x5da9,2571,100,61.021593
0,0xc24,4286,100,61.283989
1,0x40a1,5494,100,61.283989
2,0x5633,4281,100,61.283989
3,0x5da9,2571,100,61.283989
0,0xc24,4286,100,61.546356
1,0x40a1,5494,100,61.546356
2,0x5633,4281,100,61.546356
3,0x5da9,2571,100,61.546356
0,0xc24,4286,100,61.808876
1,0x40a1,5494,100,61.808876
2,0x5633,4281,100,61.808876
3,0x5da9,2571,100,61.808876
0,0xc24,4286,100,62.071205
1,0x40a1,5494,100,62.071205
2,0x5633,4281,100,62.071205
3,0x5da9,2571,100,62.071205
0,0xc24,4286,100,62.333338
1,0x40a1,5494,100,62.333338
2,0x5633,4281,100,62.333338
3,0x5da9,2571,100,62.333338
0,0xc24,4295,100,62.595554
1,0x40a1,5471,100,62.595554
2,0x5633,4239,100,62.595554
3,0x5da9,2590,100,62.595554
0,0xc24,4295,100,62.857809
1,0x40a1,5471,100,62.857809
2,0x5633,4239,100,62.857809
3,0x5da9,2590,100,62.857809
0,0xc24,4295,100,63.119983
1,0x40a1,5471,100,63.119983
2,0x5633,4239,100,63.119983
3,0x5da9,2590,100,63.119983
0,0xc24,4295,100,63.382147
1,0x40a1,5471,100,63.382147
2,0x5633,4239,100,63.382147
3,0x5da9,2590,100,63.382147
0,0xc24,4295,100,63.644706
1,0x40a1,5471,100,63.644706
2,0x5633,4239,100,63.644706
3,0x5da9,2590,100,63.644706
0,0xc24,4295,100,63.907461
1,0x40a1,5471,100,63.907461
2,0x5633,4239,100,63.907461
3,0x5da9,2590,100,63.907461
0,0xc24,4295,100,64.170024
1,0x40a1,5471,100,64.170024
2,0x5633,4239,100,64.170024
3,0x5da9,2590,100,64.170024
0,0xc24,4295,100,64.432683
1,0x40a1,5471,100,64.432683
2,0x5633,4239,100,64.432683
3,0x5da9,2590,100,64.432683
0,0xc24,4295,100,64.695243
1,0x40a1,5471,100,64.695243
2,0x5633,4239,100,64.695243
3,0x5da9,2590,100,64.695243
0,0xc24,4243,100,64.957866
1,0x40a1,5560,100,64.957866
2,0x5633,4262,100,64.957866
3,0x5da9,2538,100,64.957866
0,0xc24,4243,100,65.220529
1,0x40a1,5560,100,65.220529
2,0x5633,4262,100,65.220529
3,0x5da9,2538,100,65.220529
0,0xc24,4243,100,65.488698
1,0x40a1,5560,100,65.488698
2,0x5633,4262,100,65.488698
3,0x5da9,2538,100,65.488698
0,0xc24,4243,100,65.751314
1,0x40a1,5560,100,65.751314
2,0x5633,4262,100,65.751314
3,0x5da9,2538,100,65.751314
0,0xc24,4243,100,66.013993
1,0x40a1,5560,100,66.013993
2,0x5633,4262,100,66.013993
3,0x5da9,2538,100,66.013993
0,0xc24,4243,100,66.276596
1,0x40a1,5560,100,66.276596
2,0x5633,4262,100,66.276596
3,0x5da9,2538,100,66.276596
0,0xc24,4243,100,66.538813
1,0x40a1,5560,100,66.538813
2,0x5633,4262,100,66.538813
3,0x5da9,2538,100,66.538813
0,0xc24,4243,100,66.801018
1,0x40a1,5560,100,66.801018
2,0x5633,4262,100,66.801018
3,0x5da9,2538,100,66.801018
0,0xc24,4243,100,67.063168
1,0x40a1,5499,100,67.063168
2,0x5633,4145,100,67.063168
3,0x5da9,2553,100,67.063168
0,0xc24,4243,100,67.325403
1,0x40a1,5499,100,67.325403
2,0x5633,4145,100,67.325403
3,0x5da9,2553,100,67.325403
0,0xc24,4243,100,67.587654
1,0x40a1,5499,100,67.587654
2,0x5633,4145,100,67.587654
3,0x5da9,2553,100,67.587654
0,0xc24,4243,100,67.849877
1,0x40a1,5499,100,67.849877
2,0x5633,4145,100,67.849877
3,0x5da9,2553,100,67.849877
0,0xc24,4243,100,68.112529
1,0x40a1,5499,100,68.112529
2,0x5633,4145,100,68.112529
3,0x5da9,2553,100,68.112529
0,0xc24,4243,100,68.375089
1,0x40a1,5499,100,68.375089
2,0x5633,4145,100,68.375089
3,0x5da9,2553,100,68.375089
0,0xc24,4243,100,68.637869
1,0x40a1,5499,100,68.637869
2,0x5633,4145,100,68.637869
3,0x5da9,2553,100,68.637869
0,0xc24,4243,100,68.900552
1,0x40a1,5499,100,68.900552
2,0x5633,4145,100,68.900552
3,0x5da9,2553,100,68.900552
0,0xc24,4290,100,69.163084
1,0x40a1,5480,100,69.163084
2,0x5633,4239,100,69.163084
3,0x5da9,2562,100,69.163084
0,0xc24,4290,100,69.425747
1,0x40a1,5480,100,69.425747
2,0x5633,4239,100,69.425747
3,0x5da9,2562,100,69.425747
0,0xc24,4290,100,69.688580
1,0x40a1,5480,100,69.688580
2,0x5633,4239,100,69.688580
3,0x5da9,2562,100,69.688580
0,0xc24,4290,100,69.951252
1,0x40a1,5480,100,69.951252
2,0x5633,4239,100,69.951252
3,0x5da9,2562,100,69.951252
0,0xc24,4290,100,70.213917
1,0x40a1,5480,100,70.213917
2,0x5633,4239,100,70.213917
3,0x5da9,2562,100,70.213917
0,0xc24,4290,100,70.481384
1,0x40a1,5480,100,70.481384
2,0x5633,4239,100,70.481384
3,0x5da9,2562,100,70.481384
0,0xc24,4290,100,70.744160
1,0x40a1,5480,100,70.744160
2,0x5633,4239,100,70.744160
3,0x5da9,2562,100,70.744160